13 22.28 -160
  1; 45 46 47 48 49 50 51 52 53 54 55 56 57 58 59 60 61 62 63 64 65 66 67 68 69 70;  4.32  4.18  4.06  3.96  3.88  3.81  3.76  3.71  3.67  3.63  3.59  3.55  3.50  3.44  3.37  3.29  3.18  3.06  2.92  2.75  2.55  2.32  2.05  1.75  1.41  1.02
  2; 45 46 47 48 49 50 51 52 53 54 55 56 57 58 59 60 61 62 63 64 65 66 67 68 69 70;  3.92  4.01  4.06  4.09  4.10  4.09  4.06  4.02  3.96  3.89  3.82  3.75  3.67  3.59  3.52  3.46  3.40  3.36  3.33  3.31  3.32  3.35  3.40  3.48  3.60  3.74
  3; 45 46 47 48 49 50 51 52 53 54 55 56 57 58 59 60 61 62 63 64 65 66 67 68 69 70;  4.59  4.41  4.23  4.07  3.90  3.75  3.60  3.47  3.34  3.23  3.13  3.04  2.97  2.92  2.88  2.86  2.87  2.89  2.94  3.01  3.10  3.22  3.37  3.54  3.75  3.98
  4; 45 46 47 48 49 50 51 52 53 54 55 56 57 58 59 60 61 62 63 64 65 66 67 68 69 70;  3.93  4.01  4.06  4.09  4.08  4.05  4.00  3.93  3.84  3.74  3.62  3.49  3.35  3.20  3.06  2.92  2.81  2.75  2.75  2.83  3.00  3.29  3.70  4.25  4.97  5.87
  5; 45 46 47 48 49 50 51 52 53 54 55 56 57 58 59 60 61 62 63 64 65 66 67 68 69 70;  5.09  4.70  4.31  3.95  3.62  3.35  3.16  3.06  3.03  3.06  3.11  3.17  3.21  3.22  3.20  3.16  3.11  3.04  2.97  2.91  2.86  2.83  2.82  2.84  2.90  3.01
  6; 45 46 47 48 49 50 51 52 53 54 55 56 57 58 59 60 61 62 63 64 65 66 67 68 69 70;  2.54  3.84  4.36  4.31  3.92  3.41  2.99  2.89  3.25  3.88  4.51  4.92  5.09  5.03  4.76  4.33  3.80  3.23  2.68  2.20  1.85  1.69  1.77  2.16  2.90  4.07
  7; 45 46 47 48 49 50 51 52 53 54 55 56 57 58 59 60 61 62 63 64 65 66 67 68 69 70;  5.06  5.43  5.50  5.35  5.05  4.69  4.34  4.08  3.96  3.97  4.05  4.15  4.23  4.23  4.14  3.98  3.81  3.66  3.61  3.68  3.93  4.30  4.73  5.17  5.55  5.82
  8; 45 46 47 48 49 50 51 52 53 54 55 56 57 58 59 60 61 62 63 64 65 66 67 68 69 70;  4.43  4.18  3.97  3.79  3.63  3.50  3.39  3.31  3.23  3.18  3.13  3.09  3.05  3.02  2.98  2.94  2.89  2.84  2.77  2.68  2.57  2.45  2.29  2.11  1.90  1.66
  9; 45 46 47 48 49 50 51 52 53 54 55 56 57 58 59 60 61 62 63 64 65 66 67 68 69 70;  5.47  5.13  4.81  4.52  4.25  4.01  3.80  3.60  3.44  3.30  3.18  3.09  3.02  2.99  2.97  2.99  3.03  3.10  3.19  3.32  3.47  3.64  3.85  4.08  4.34  4.63
 10; 45 46 47 48 49 50 51 52 53 54 55 56 57 58 59 60 61 62 63 64 65 66 67 68 69 70;  4.86  4.59  4.34  4.10  3.88  3.68  3.50  3.33  3.18  3.05  2.93  2.83  2.75  2.68  2.63  2.60  2.58  2.60  2.64  2.70  2.80  2.94  3.11  3.32  3.57  3.86
 11; 45 46 47 48 49 50 51 52 53 54 55 56 57 58 59 60 61 62 63 64 65 66 67 68 69 70;  4.27  4.24  4.19  4.13  4.05  3.96  3.86  3.75  3.63  3.51  3.39  3.27  3.16  3.04  2.93  2.83  2.74  2.66  2.59  2.54  2.51  2.50  2.50  2.53  2.59  2.67
 12; 45 46 47 48 49 50 51 52 53 54 55 56 57 58 59 60 61 62 63 64 65 66 67 68 69 70;  3.94  3.93  3.91  3.87  3.81  3.74  3.66  3.56  3.46  3.36  3.25  3.14  3.03  2.93  2.83  2.74  2.66  2.59  2.54  2.51  2.49  2.50  2.53  2.58  2.67  2.78
 13; 45 46 47 48 49 50 51 52 53 54 55 56 57 58 59 60 61 62 63 64 65 66 67 68 69 70;  5.89  5.70  5.52  5.35  5.18  5.01  4.86  4.71  4.56  4.43  4.30  4.17  4.06  3.95  3.86  3.77  3.69  3.63  3.58  3.55  3.55  3.57  3.63  3.71  3.83  3.99
 14; 45 46 47 48 49 50 51 52 53 54 55 56 57 58 59 60 61 62 63 64 65 66 67 68 69 70;  1.29  3.60  5.34  6.55  7.32  7.69  7.74  7.52  7.10  6.55  5.91  5.27  4.67  4.19  3.86  3.69  3.65  3.71  3.86  4.07  4.32  4.58  4.83  5.05  5.22  5.31
 15; 45 46 47 48 49 50 51 52 53 54 55 56 57 58 59 60 61 62 63 64 65 66 67 68 69 70;  5.17  5.03  4.89  4.75  4.62  4.49  4.37  4.25  4.15  4.04  3.95  3.87  3.79  3.73  3.68  3.64  3.61  3.60  3.60  3.62  3.66  3.71  3.78  3.87  3.97  4.10
 16; 45 46 47 48 49 50 51 52 53 54 55 56 57 58 59 60 61 62 63 64 65 66 67 68 69 70;  5.06  4.77  4.48  4.21  3.96  3.72  3.49  3.28  3.09  2.92  2.76  2.62  2.50  2.40  2.32  2.26  2.22  2.20  2.20  2.23  2.27  2.34  2.44  2.55  2.70  2.86
 17; 45 46 47 48 49 50 51 52 53 54 55 56 57 58 59 60 61 62 63 64 65 66 67 68 69 70;  6.09  6.06  5.97  5.84  5.67  5.48  5.30  5.13  4.99  4.89  4.82  4.75  4.68  4.59  4.45  4.30  4.17  4.08  4.07  4.16  4.39  4.78  5.36  6.16  7.22  8.56
 18; 45 46 47 48 49 50 51 52 53 54 55 56 57 58 59 60 61 62 63 64 65 66 67 68 69 70; 14.33 12.68 11.22  9.92  8.79  7.81  6.96  6.23  5.62  5.11  4.69  4.35  4.07  3.84  3.66  3.51  3.41  3.34  3.30  3.29  3.30  3.35  3.41  3.50  3.60  3.71
 19; 45 46 47 48 49 50 51 52 53 54 55 56 57 58 59 60 61 62 63 64 65 66 67 68 69 70;  5.08  5.10  5.09  5.06  5.01  4.94  4.84  4.74  4.62  4.48  4.34  4.19  4.04  3.88  3.73  3.57  3.43  3.28  3.15  3.03  2.92  2.83  2.75  2.70  2.67  2.66
 20; 45 46 47 48 49 50 51 52 53 54 55 56 57 58 59 60 61 62 63 64 65 66 67 68 69 70;  5.67  5.10  4.64  4.29  4.02  3.84  3.73  3.68  3.69  3.75  3.85  3.97  4.12  4.28  4.44  4.60  4.74  4.86  4.95  5.00  5.00  4.94  4.81  4.61  4.33  3.95
 21; 45 46 47 48 49 50 51 52 53 54 55 56 57 58 59 60 61 62 63 64 65 66 67 68 69 70;  3.95  3.78  3.63  3.50  3.38  3.29  3.21  3.15  3.10  3.07  3.05  3.03  3.03  3.04  3.05  3.07  3.09  3.12  3.15  3.18  3.21  3.24  3.27  3.30  3.32  3.33
 22; 45 46 47 48 49 50 51 52 53 54 55 56 57 58 59 60 61 62 63 64 65 66 67 68 69 70;  4.88  4.75  4.61  4.47  4.33  4.19  4.04  3.90  3.76  3.61  3.47  3.33  3.19  3.05  2.91  2.78  2.65  2.53  2.40  2.29  2.17  2.07  1.97  1.87  1.78  1.70
 23; 45 46 47 48 49 50 51 52 53 54 55 56 57 58 59 60 61 62 63 64 65 66 67 68 69 70;  4.47  4.36  4.24  4.11  3.98  3.83  3.68  3.53  3.38  3.23  3.08  2.93  2.79  2.65  2.52  2.41  2.30  2.21  2.13  2.07  2.02  2.00  1.99  2.01  2.05  2.12
 24; 45 46 47 48 49 50 51 52 53 54 55 56 57 58 59 60 61 62 63 64 65 66 67 68 69 70;  4.77  4.69  4.59  4.48  4.37  4.24  4.11  3.97  3.83  3.68  3.53  3.38  3.23  3.08  2.93  2.79  2.65  2.51  2.39  2.27  2.16  2.06  1.98  1.91  1.85  1.81
 25; 45 46 47 48 49 50 51 52 53 54 55 56 57 58 59 60 61 62 63 64 65 66 67 68 69 70;  5.10  5.09  5.05  4.97  4.87  4.74  4.59  4.43  4.26  4.08  3.90  3.72  3.55  3.40  3.26  3.15  3.06  3.01  2.99  3.01  3.07  3.19  3.36  3.59  3.89  4.25
 26; 45 46 47 48 49 50 51 52 53 54 55 56 57 58 59 60 61 62 63 64 65 66 67 68 69 70;  6.22  6.51  6.57  6.44  6.17  5.82  5.42  5.03  4.69  4.46  4.39  4.51  4.89  5.61  6.89  9.00 10.94  9.53  9.55  9.57  9.05  8.29  7.60  7.28  7.64  8.97
 27; 45 46 47 48 49 50 51 52 53 54 55 56 57 58 59 60 61 62 63 64 65 66 67 68 69 70;  7.08  7.00  6.87  6.71  6.51  6.28  6.03  5.76  5.48  5.19  4.89  4.60  4.31  4.03  3.76  3.51  3.29  3.10  2.94  2.82  2.74  2.72  2.74  2.83  2.97  3.19
 28; 45 46 47 48 49 50 51 52 53 54 55 56 57 58 59 60 61 62 63 64 65 66 67 68 69 70;  5.88  6.16  7.47  8.74  9.07  8.36  6.97  6.20  6.02  6.01  5.85  5.57  5.29  5.09  4.87  4.49  3.85  3.13  2.54  2.25  2.20  2.30  2.42  2.46  2.32  1.88
 29; 45 46 47 48 49 50 51 52 53 54 55 56 57 58 59 60 61 62 63 64 65 66 67 68 69 70;  5.09  5.72  6.21  6.56  6.80  6.92  6.93  6.86  6.71  6.48  6.20  5.86  5.49  5.08  4.65  4.22  3.79  3.37  2.96  2.60  2.27  2.00  1.79  1.65  1.59  1.63
 30; 45 46 47 48 49 50 51 52 53 54 55 56 57 58 59 60 61 62 63 64 65 66 67 68 69 70;  5.09  5.01  4.92  4.81  4.69  4.56  4.42  4.27  4.12  3.96  3.79  3.63  3.46  3.29  3.12  2.95  2.79  2.63  2.47  2.32  2.18  2.05  1.93  1.82  1.72  1.63
 31; 45 46 47 48 49 50 51 52 53 54 55 56 57 58 59 60 61 62 63 64 65 66 67 68 69 70;  5.62  5.56  5.51  5.45  5.38  5.30  5.21  5.10  4.97  4.83  4.66  4.47  4.25  4.00  3.72  3.43  3.12  2.83  2.56  2.33  2.15  2.03  1.99  2.05  2.21  2.49
 32; 45 46 47 48 49 50 51 52 53 54 55 56 57 58 59 60 61 62 63 64 65 66 67 68 69 70;  4.42  4.67  4.86  4.97  5.03  5.03  4.98  4.89  4.76  4.59  4.40  4.20  3.97  3.74  3.50  3.28  3.08  2.93  2.83  2.81  2.88  3.06  3.35  3.79  4.37  5.13
 33; 45 46 47 48 49 50 51 52 53 54 55 56 57 58 59 60 61 62 63 64 65 66 67 68 69 70;  3.72  4.15  4.50  4.78  5.00  5.17  5.28  5.34  5.36  5.35  5.30  5.22  5.12  5.01  4.88  4.74  4.61  4.47  4.35  4.23  4.14  4.07  4.02  4.01  4.04  4.12
 34; 45 46 47 48 49 50 51 52 53 54 55 56 57 58 59 60 61 62 63 64 65 66 67 68 69 70;  4.56  4.59  4.58  4.55  4.49  4.40  4.30  4.17  4.03  3.88  3.71  3.54  3.36  3.18  3.00  2.83  2.66  2.50  2.35  2.21  2.09  1.99  1.92  1.86  1.84  1.85
 35; 45 46 47 48 49 50 51 52 53 54 55 56 57 58 59 60 61 62 63 64 65 66 67 68 69 70;  4.92  5.09  5.20  5.25  5.25  5.20  5.12  5.01  4.86  4.70  4.52  4.33  4.14  3.95  3.77  3.60  3.45  3.33  3.23  3.18  3.17  3.20  3.29  3.44  3.66  3.95
 36; 45 46 47 48 49 50 51 52 53 54 55 56 57 58 59 60 61 62 63 64 65 66 67 68 69 70;  4.00  6.04  7.11  7.46  7.32  6.94  6.46  6.00  5.66  5.44  5.29  5.18  5.06  4.91  4.69  4.42  4.13  3.84  3.57  3.36  3.22  3.19  3.29  3.54  3.98  4.62
 37; 45 46 47 48 49 50 51 52 53 54 55 56 57 58 59 60 61 62 63 64 65 66 67 68 69 70;  6.22  6.24  6.21  6.15  6.04  5.90  5.74  5.54  5.33  5.10  4.85  4.60  4.34  4.08  3.83  3.58  3.34  3.12  2.92  2.74  2.59  2.47  2.39  2.34  2.35  2.40
 38; 45 46 47 48 49 50 51 52 53 54 55 56 57 58 59 60 61 62 63 64 65 66 67 68 69 70;  4.69  5.27  5.64  5.84  5.92  5.90  5.84  5.77  5.73  5.72  5.74  5.79  5.86  5.95  6.06  6.18  6.28  6.35  6.38  6.35  6.25  6.09  5.87  5.62  5.35  5.05
 39; 45 46 47 48 49 50 51 52 53 54 55 56 57 58 59 60 61 62 63 64 65 66 67 68 69 70;  6.49  6.26  6.04  5.84  5.65  5.48  5.32  5.17  5.03  4.90  4.78  4.67  4.58  4.49  4.41  4.34  4.27  4.21  4.16  4.12  4.08  4.04  4.01  3.99  3.96  3.94
 40; 45 46 47 48 49 50 51 52 53 54 55 56 57 58 59 60 61 62 63 64 65 66 67 68 69 70;  4.81  4.78  4.74  4.69  4.62  4.55  4.46  4.37  4.27  4.16  4.05  3.94  3.82  3.70  3.59  3.47  3.35  3.24  3.13  3.02  2.92  2.83  2.74  2.66  2.59  2.54
 41; 45 46 47 48 49 50 51 52 53 54 55 56 57 58 59 60 61 62 63 64 65 66 67 68 69 70;  5.01  4.90  4.80  4.71  4.63  4.57  4.52  4.48  4.46  4.44  4.43  4.44  4.45  4.47  4.50  4.52  4.55  4.57  4.57  4.56  4.53  4.47  4.39  4.27  4.12  3.92
 42; 45 46 47 48 49 50 51 52 53 54 55 56 57 58 59 60 61 62 63 64 65 66 67 68 69 70;  5.54  5.59  5.60  5.59  5.56  5.50  5.41  5.31  5.19  5.04  4.88  4.71  4.52  4.31  4.10  3.88  3.65  3.41  3.18  2.95  2.72  2.50  2.29  2.09  1.91  1.74
 43; 45 46 47 48 49 50 51 52 53 54 55 56 57 58 59 60 61 62 63 64 65 66 67 68 69 70;  4.69  4.60  4.53  4.49  4.45  4.43  4.41  4.38  4.35  4.31  4.24  4.16  4.04  3.89  3.72  3.55  3.37  3.22  3.10  3.02  3.00  3.05  3.18  3.41  3.76  4.23
 44; 45 46 47 48 49 50 51 52 53 54 55 56 57 58 59 60 61 62 63 64 65 66 67 68 69 70;  4.66  4.68  4.70  4.71  4.71  4.70  4.66  4.60  4.52  4.40  4.25  4.07  3.84  3.57  3.32  3.13  3.06  3.13  3.38  3.79  4.27  4.68  4.87  4.71  4.06  2.80
 45; 45 46 47 48 49 50 51 52 53 54 55 56 57 58 59 60 61 62 63 64 65 66 67 68 69 70;  4.50  5.96  6.79  7.04  6.80  6.27  5.64  5.08  4.63  4.29  4.06  3.95  3.96  4.08  4.28  4.53  4.80  5.05  5.25  5.36  5.35  5.18  4.83  4.25  3.41  2.28
 46; 45 46 47 48 49 50 51 52 53 54 55 56 57 58 59 60 61 62 63 64 65 66 67 68 69 70;  5.94  6.67  6.98  6.96  6.67  6.20  5.64  5.06  4.53  4.08  3.70  3.39  3.16  3.01  2.93  2.92  2.95  3.00  3.07  3.12  3.13  3.10  3.00  2.81  2.52  2.10
 47; 45 46 47 48 49 50 51 52 53 54 55 56 57 58 59 60 61 62 63 64 65 66 67 68 69 70;  6.26  5.85  5.47  5.14  4.84  4.57  4.34  4.14  3.96  3.80  3.67  3.55  3.45  3.36  3.29  3.22  3.15  3.09  3.03  2.97  2.90  2.82  2.74  2.64  2.52  2.39
 48; 45 46 47 48 49 50 51 52 53 54 55 56 57 58 59 60 61 62 63 64 65 66 67 68 69 70;  7.12  6.72  6.33  5.97  5.62  5.29  4.99  4.71  4.45  4.22  4.01  3.84  3.69  3.57  3.49  3.44  3.42  3.44  3.50  3.60  3.73  3.91  4.13  4.39  4.70  5.06
 49; 45 46 47 48 49 50 51 52 53 54 55 56 57 58 59 60 61 62 63 64 65 66 67 68 69 70;  8.82  7.61  6.62  5.83  5.22  4.76  4.43  4.20  4.05  3.96  3.91  3.86  3.79  3.69  3.57  3.43  3.29  3.16  3.07  3.01  3.01  3.08  3.22  3.47  3.82  4.29
 50; 45 46 47 48 49 50 51 52 53 54 55 56 57 58 59 60 61 62 63 64 65 66 67 68 69 70;  7.12  6.51  5.98  5.52  5.14  4.81  4.54  4.31  4.12  3.96  3.82  3.69  3.57  3.44  3.30  3.16  3.02  2.91  2.96  3.31  4.02  4.80  5.23  4.93  3.50  0.55
 51; 45 46 47 48 49 50 51 52 53 54 55 56 57 58 59 60 61 62 63 64 65 66 67 68 69 70;  7.52  7.02  6.55  6.12  5.71  5.34  5.01  4.70  4.43  4.19  3.97  3.79  3.64  3.51  3.41  3.34  3.30  3.28  3.30  3.33  3.39  3.48  3.59  3.72  3.88  4.06
 52; 45 46 47 48 49 50 51 52 53 54 55 56 57 58 59 60 61 62 63 64 65 66 67 68 69 70;  5.71  5.79  5.82  5.79  5.71  5.60  5.45  5.27  5.08  4.86  4.65  4.42  4.21  4.00  3.81  3.65  3.51  3.41  3.36  3.35  3.40  3.51  3.69  3.94  4.27  4.69
 53; 45 46 47 48 49 50 51 52 53 54 55 56 57 58 59 60 61 62 63 64 65 66 67 68 69 70;  6.29  6.19  6.06  5.92  5.75  5.57  5.38  5.18  4.98  4.79  4.60  4.42  4.26  4.12  4.00  3.91  3.85  3.83  3.85  3.91  4.03  4.19  4.42  4.70  5.06  5.48
 54; 45 46 47 48 49 50 51 52 53 54 55 56 57 58 59 60 61 62 63 64 65 66 67 68 69 70;  5.71  5.37  5.07  4.79  4.55  4.33  4.14  3.97  3.82  3.69  3.58  3.49  3.41  3.34  3.29  3.24  3.20  3.16  3.13  3.09  3.06  3.03  2.99  2.94  2.89  2.82
 55; 45 46 47 48 49 50 51 52 53 54 55 56 57 58 59 60 61 62 63 64 65 66 67 68 69 70;  4.30  4.63  4.86  5.05  5.24  5.25  4.89  4.25  4.74  6.64  6.50  6.36  5.33  4.38  3.80  3.52  3.46  3.53  3.67  3.80  3.91  3.97  4.00  3.96  3.87  3.70
 56; 45 46 47 48 49 50 51 52 53 54 55 56 57 58 59 60 61 62 63 64 65 66 67 68 69 70;  5.23  5.32  5.33  5.30  5.21  5.08  4.91  4.71  4.49  4.25  4.00  3.75  3.50  3.26  3.03  2.83  2.66  2.52  2.43  2.38  2.39  2.47  2.61  2.83  3.13  3.52
 57; 45 46 47 48 49 50 51 52 53 54 55 56 57 58 59 60 61 62 63 64 65 66 67 68 69 70;  4.80  7.12  8.41  8.86  8.66  8.03  7.16  6.24  5.44  4.78  4.25  3.84  3.53  3.31  3.18  3.12  3.12  3.18  3.28  3.42  3.59  3.79  3.99  4.20  4.41  4.61
 58; 45 46 47 48 49 50 51 52 53 54 55 56 57 58 59 60 61 62 63 64 65 66 67 68 69 70;  8.01  7.50  7.01  6.53  6.08  5.65  5.25  4.87  4.53  4.21  3.92  3.67  3.46  3.28  3.14  3.04  2.99  2.98  3.01  3.10  3.23  3.41  3.65  3.95  4.30  4.71
 59; 45 46 47 48 49 50 51 52 53 54 55 56 57 58 59 60 61 62 63 64 65 66 67 68 69 70;  7.05  6.47  5.96  5.52  5.13  4.79  4.51  4.28  4.09  3.93  3.82  3.73  3.68  3.65  3.64  3.64  3.66  3.69  3.73  3.76  3.80  3.82  3.84  3.85  3.83  3.80
 60; 45 46 47 48 49 50 51 52 53 54 55 56 57 58 59 60 61 62 63 64 65 66 67 68 69 70;  6.97  6.51  6.04  5.58  5.15  4.75  4.39  4.08  3.84  3.68  3.62  3.65  3.79  4.06  4.46  4.96  5.53  6.12  6.72  7.27  7.75  8.13  8.36  8.41  8.25  7.84
 61; 45 46 47 48 49 50 51 52 53 54 55 56 57 58 59 60 61 62 63 64 65 66 67 68 69 70;  6.75  6.45  6.14  5.84  5.54  5.25  4.98  4.72  4.48  4.27  4.09  3.94  3.82  3.74  3.71  3.72  3.78  3.89  4.06  4.27  4.55  4.89  5.29  5.75  6.29  6.89
 62; 45 46 47 48 49 50 51 52 53 54 55 56 57 58 59 60 61 62 63 64 65 66 67 68 69 70;  7.29  6.99  6.67  6.34  6.00  5.67  5.34  5.03  4.73  4.46  4.22  4.02  3.86  3.75  3.69  3.66  3.66  3.68  3.73  3.78  3.84  3.90  3.95  3.99  4.00  3.99
 63; 45 46 47 48 49 50 51 52 53 54 55 56 57 58 59 60 61 62 63 64 65 66 67 68 69 70;  5.94  5.85  5.76  5.65  5.53  5.41  5.27  5.13  4.99  4.84  4.70  4.55  4.40  4.26  4.12  3.98  3.86  3.74  3.63  3.53  3.44  3.37  3.31  3.27  3.25  3.25
 64; 45 46 47 48 49 50 51 52 53 54 55 56 57 58 59 60 61 62 63 64 65 66 67 68 69 70;  8.16  7.68  7.24  6.85  6.49  6.16  5.87  5.61  5.38  5.17  4.98  4.82  4.68  4.55  4.44  4.34  4.25  4.17  4.09  4.02  3.95  3.88  3.81  3.73  3.64  3.55
 65; 45 46 47 48 49 50 51 52 53 54 55 56 57 58 59 60 61 62 63 64 65 66 67 68 69 70;  8.89  8.62  8.38  8.15  7.94  7.73  7.52  7.29  7.09  6.94  6.87  6.80  6.65  6.36  5.95  5.47  4.98  4.52  4.16  3.93  3.82  3.81  3.88  4.01  4.18  4.37
 66; 45 46 47 48 49 50 51 52 53 54 55 56 57 58 59 60 61 62 63 64 65 66 67 68 69 70;  7.29  7.20  7.08  6.93  6.77  6.59  6.41  6.22  6.03  5.85  5.69  5.54  5.42  5.32  5.26  5.24  5.27  5.35  5.48  5.68  5.95  6.28  6.70  7.20  7.78  8.46
 67; 45 46 47 48 49 50 51 52 53 54 55 56 57 58 59 60 61 62 63 64 65 66 67 68 69 70;  8.10  7.76  7.45  7.19  6.95  6.75  6.59  6.44  6.33  6.23  6.15  6.10  6.05  6.02  6.00  5.98  5.97  5.96  5.94  5.93  5.91  5.88  5.83  5.78  5.70  5.61
 68; 45 46 47 48 49 50 51 52 53 54 55 56 57 58 59 60 61 62 63 64 65 66 67 68 69 70;  8.02  7.47  7.03  6.69  6.44  6.27  6.16  6.11  6.09  6.10  6.12  6.14  6.15  6.14  6.09  5.98  5.77  5.47  5.16  4.96  4.92  4.97  4.99  4.85  4.46  3.67
 69; 45 46 47 48 49 50 51 52 53 54 55 56 57 58 59 60 61 62 63 64 65 66 67 68 69 70;  8.94  8.51  8.15  7.86  7.62  7.44  7.31  7.21  7.14  7.09  7.05  7.02  6.98  6.93  6.87  6.77  6.65  6.48  6.26  5.99  5.64  5.23  4.73  4.14  3.46  2.67
 70; 45 46 47 48 49 50 51 52 53 54 55 56 57 58 59 60 61 62 63 64 65 66 67 68 69 70; 12.35 11.38 10.50  9.72  9.04  8.47  8.01  7.67  7.43  7.26  7.12  7.00  6.86  6.69  6.49  6.28  6.07  5.87  5.71  5.59  5.54  5.56  5.67  5.89  6.23  6.71
 71; 45 46 47 48 49 50 51 52 53 54 55 56 57 58 59 60 61 62 63 64 65 66 67 68 69 70; 11.09 10.49  9.74  8.93  8.14  7.45  6.96  6.71  6.66  6.73  6.87  6.99  7.01  6.90  6.67  6.35  5.99  5.63  5.31  5.06  4.93  4.96  5.19  5.65  6.38  7.44
 72; 45 46 47 48 49 50 51 52 53 54 55 56 57 58 59 60 61 62 63 64 65 66 67 68 69 70;  9.68  9.65  9.52  9.31  9.05  8.77  8.50  8.25  8.04  7.84  7.67  7.50  7.34  7.19  7.03  6.87  6.70  6.52  6.32  6.12  5.90  5.70  5.52  5.37  5.27  5.24
 73; 45 46 47 48 49 50 51 52 53 54 55 56 57 58 59 60 61 62 63 64 65 66 67 68 69 70;  9.48 10.16 10.34 10.15  9.72  9.18  8.65  8.25  7.96  7.76  7.62  7.51  7.40  7.28  7.14  7.01  6.90  6.82  6.79  6.79  6.67  6.23  5.46  5.04  5.82  8.65
 74; 45 46 47 48 49 50 51 52 53 54 55 56 57 58 59 60 61 62 63 64 65 66 67 68 69 70;  9.63 10.36 10.56 10.37  9.93  9.39  8.88  8.52  8.30  8.18  8.10  8.03  7.92  7.76  7.61  7.56  7.69  8.10  8.86  9.97 10.99 11.37 10.66  8.80  5.84  1.79
 75; 45 46 47 48 49 50 51 52 53 54 55 56 57 58 59 60 61 62 63 64 65 66 67 68 69 70; 11.36 11.23 10.76 10.06  9.24  8.40  7.61  6.94  6.45  6.11  5.90  5.79  5.74  5.73  5.73  5.73  5.73  5.74  5.74  5.75  5.76  5.77  5.78  5.78  5.79  5.79
 76; 45 46 47 48 49 50 51 52 53 54 55 56 57 58 59 60 61 62 63 64 65 66 67 68 69 70;  9.27  9.61  9.48  8.99  8.29  7.51  6.78  6.25  6.01  6.13  6.62  7.45  8.43  9.28  9.80 10.05 10.12 10.11 10.13 10.28 10.60 10.97 11.18 11.03 10.33  8.89
 77; 45 46 47 48 49 50 51 52 53 54 55 56 57 58 59 60 61 62 63 64 65 66 67 68 69 70;  4.28  3.90  3.59  3.35  3.18  3.07  3.01  2.99  3.02  3.08  3.18  3.30  3.45  3.60  3.77  3.95  4.12  4.28  4.43  4.57  4.68  4.77  4.82  4.84  4.81  4.73
 78; 45 46 47 48 49 50 51 52 53 54 55 56 57 58 59 60 61 62 63 64 65 66 67 68 69 70;  6.23  5.63  5.15  4.77  4.49  4.30  4.19  4.14  4.14  4.19  4.27  4.37  4.49  4.60  4.71  4.79  4.84  4.85  4.81  4.70  4.52  4.25  3.89  3.42  2.84  2.12
 79; 45 46 47 48 49 50 51 52 53 54 55 56 57 58 59 60 61 62 63 64 65 66 67 68 69 70;  9.01  8.41  7.84  7.31  6.80  6.33  5.90  5.50  5.14  4.82  4.54  4.30  4.11  3.96  3.85  3.79  3.79  3.83  3.92  4.07  4.27  4.53  4.85  5.22  5.66  6.15
 80; 45 46 47 48 49 50 51 52 53 54 55 56 57 58 59 60 61 62 63 64 65 66 67 68 69 70; 15.47 13.20 11.23  9.55  8.13  6.96  6.02  5.30  4.76  4.40  4.20  4.13  4.18  4.33  4.56  4.85  5.18  5.52  5.86  6.15  6.39  6.55  6.60  6.52  6.28  5.86
 81; 45 46 47 48 49 50 51 52 53 54 55 56 57 58 59 60 61 62 63 64 65 66 67 68 69 70; 11.83 10.66  9.66  8.82  8.14  7.59  7.17  6.85  6.63  6.49  6.41  6.38  6.40  6.43  6.47  6.51  6.52  6.50  6.43  6.30  6.09  5.79  5.39  4.86  4.20  3.39
 82; 45 46 47 48 49 50 51 52 53 54 55 56 57 58 59 60 61 62 63 64 65 66 67 68 69 70;  8.81  8.42  8.05  7.69  7.36  7.05  6.77  6.52  6.30  6.12  5.98  5.88  5.82  5.82  5.86  5.97  6.16  6.47  6.94  7.60  8.44  9.27  9.86  9.99  9.42  7.93
 83; 45 46 47 48 49 50 51 52 53 54 55 56 57 58 59 60 61 62 63 64 65 66 67 68 69 70; 16.78 14.11 11.95 10.26  8.98  8.05  7.42  7.04  6.84  6.78  6.81  6.86  6.88  6.82  6.62  6.26  5.85  5.51  5.39  5.61  6.21  6.76  6.74  5.71  3.62  0.51
 84; 45 46 47 48 49 50 51 52 53 54 55 56 57 58 59 60 61 62 63 64 65 66 67 68 69 70;  9.90  9.37  8.89  8.46  8.07  7.73  7.42  7.15  6.90  6.68  6.49  6.31  6.15  6.00  5.86  5.72  5.58  5.43  5.28  5.12  4.95  4.75  4.54  4.29  4.02  3.71
 85; 45 46 47 48 49 50 51 52 53 54 55 56 57 58 59 60 61 62 63 64 65 66 67 68 69 70; 14.61 12.33 10.50  9.08  8.03  7.32  6.90  6.73  6.75  6.88  7.04  7.17  7.17  7.02  6.76  6.47  6.17  5.89  5.61  5.36  5.14  4.96  4.80  4.68  4.57  4.47
 86; 45 46 47 48 49 50 51 52 53 54 55 56 57 58 59 60 61 62 63 64 65 66 67 68 69 70; 17.67 14.07 11.49  9.78  8.78  8.31  8.23  8.36  8.55  8.62  8.47  8.13  7.71  7.30  6.99  6.86  6.94  7.23  7.69  8.04  8.05  7.81  7.53  7.40  7.63  8.42
 87; 45 46 47 48 49 50 51 52 53 54 55 56 57 58 59 60 61 62 63 64 65 66 67 68 69 70; 17.91 15.73 13.79 12.06 10.55  9.26  8.17  7.30  6.62  6.15  5.85  5.70  5.62  5.56  5.47  5.31  5.15  5.10  5.25  5.70  6.46  7.11  7.14  6.60  7.75 13.40
 88; 45 46 47 48 49 50 51 52 53 54 55 56 57 58 59 60 61 62 63 64 65 66 67 68 69 70;  8.74  8.47  8.15  7.79  7.41  7.02  6.65  6.30  6.01  5.77  5.62  5.57  5.64  5.84  6.18  6.69  7.28  7.89  8.45  8.88  9.12  9.20  9.17  9.06  8.92  8.79
 89; 45 46 47 48 49 50 51 52 53 54 55 56 57 58 59 60 61 62 63 64 65 66 67 68 69 70;  8.62  7.61  6.74  6.00  5.39  4.90  4.51  4.21  4.01  3.89  3.84  3.85  3.92  4.04  4.19  4.37  4.57  4.79  5.00  5.21  5.41  5.58  5.72  5.83  5.88  5.88
 90; 45 46 47 48 49 50 51 52 53 54 55 56 57 58 59 60 61 62 63 64 65 66 67 68 69 70;  8.32  8.12  7.94  7.76  7.59  7.42  7.27  7.11  6.97  6.82  6.68  6.54  6.40  6.26  6.11  5.97  5.85  5.78  5.79  5.90  6.13  6.52  7.08  7.85  8.85 10.11
 91; 45 46 47 48 49 50 51 52 53 54 55 56 57 58 59 60 61 62 63 64 65 66 67 68 69 70;  9.97  9.26  8.72  8.33  8.07  7.89  7.78  7.70  7.64  7.56  7.44  7.26  6.97  6.57  6.01  5.35  4.91  5.09  6.11  7.49  8.64  9.40  9.70  9.45  8.60  7.07
 92; 45 46 47 48 49 50 51 52 53 54 55 56 57 58 59 60 61 62 63 64 65 66 67 68 69 70; 10.17  9.32  8.61  8.02  7.54  7.16  6.87  6.67  6.54  6.47  6.45  6.47  6.52  6.59  6.67  6.75  6.82  6.87  6.89  6.87  6.79  6.65  6.44  6.15  5.76  5.27
 93; 45 46 47 48 49 50 51 52 53 54 55 56 57 58 59 60 61 62 63 64 65 66 67 68 69 70; 11.00 10.32  9.74  9.26  8.86  8.54  8.28  8.07  7.92  7.80  7.70  7.63  7.56  7.48  7.40  7.30  7.19  7.08  7.00  6.96  6.97  7.05  7.22  7.48  7.85  8.35
 94; 45 46 47 48 49 50 51 52 53 54 55 56 57 58 59 60 61 62 63 64 65 66 67 68 69 70;-25.07 -4.28  7.39 12.41 13.27 12.45 11.93 11.82 11.90 12.01 12.04 11.96 11.78 11.49 11.12 10.66 10.18  9.72  9.33  9.08  9.01  9.19  9.66 10.48 11.71 13.40
 95; 45 46 47 48 49 50 51 52 53 54 55 56 57 58 59 60 61 62 63 64 65 66 67 68 69 70; 15.25 13.96 12.90 12.05 11.40 10.92 10.62 10.46 10.43 10.51 10.70 10.97 11.30 11.69 12.10 12.51 12.88 13.14 13.12 12.63 11.56 10.14  8.66  7.43  6.76  6.95
 96; 45 46 47 48 49 50 51 52 53 54 55 56 57 58 59 60 61 62 63 64 65 66 67 68 69 70; 16.98 14.43 13.06 12.58 12.65 12.97 13.21 13.19 13.27 13.94 15.43 16.91 17.30 16.01 14.53 14.12 13.55 12.64 11.66 10.84 10.24  9.90  9.85 10.13 10.77 11.79
 97; 45 46 47 48 49 50 51 52 53 54 55 56 57 58 59 60 61 62 63 64 65 66 67 68 69 70; 13.69 12.95 12.67 12.67 12.76 12.79 12.55 11.97 11.35 11.07 11.39 12.07 12.77 13.17 13.26 13.06 12.61 11.94 11.09 10.15  9.46  9.41 10.22 11.40 12.26 12.13
 98; 45 46 47 48 49 50 51 52 53 54 55 56 57 58 59 60 61 62 63 64 65 66 67 68 69 70; 11.65 12.35 12.61 12.53 12.21 11.76 11.30 10.91 10.62 10.46 10.45 10.60 10.93 11.43 11.98 12.44 12.66 12.50 11.80 10.56  9.35  8.85  9.27  8.75  9.46 31.49
 99; 45 46 47 48 49 50 51 52 53 54 55 56 57 58 59 60 61 62 63 64 65 66 67 68 69 70; 12.84 12.74 12.77 12.83 12.82 12.66 12.26 11.59 10.90 10.51 10.62 11.10 11.69 12.22 12.71 13.22 13.78 14.22 14.29 13.82 12.71 10.92  8.73  7.70  9.67 16.48
100; 45 46 47 48 49 50 51 52 53 54 55 56 57 58 59 60 61 62 63 64 65 66 67 68 69 70; 13.25 13.04 13.07 13.20 13.30 13.24 12.88 12.19 11.47 11.16 11.52 12.24 12.87 13.09 13.00 12.88 12.93 13.25 13.91 14.84 15.30 14.41 11.89  9.84 10.94 17.88
101; 45 46 47 48 49 50 51 52 53 54 55 56 57 58 59 60 61 62 63 64 65 66 67 68 69 70; 13.87 14.04 14.09 13.98 13.69 13.21 12.51 12.05 13.51 15.68 15.50 13.89 12.87 13.71 14.54 13.69 12.86 12.50 12.55 12.82 12.72 11.53  9.17  8.09 11.33 21.96
102; 45 46 47 48 49 50 51 52 53 54 55 56 57 58 59 60 61 62 63 64 65 66 67 68 69 70; 13.19 13.64 13.63 13.36 13.01 12.75 12.78 13.17 13.66 13.87 13.57 13.11 12.99 13.47 13.88 13.49 12.28 10.72  9.37  8.64  8.49  8.73  9.21  9.76 10.19 10.34
103; 45 46 47 48 49 50 51 52 53 54 55 56 57 58 59 60 61 62 63 64 65 66 67 68 69 70; 11.91 11.49 11.30 11.25 11.28 11.31 11.27 11.12 10.88 10.64 10.46 10.41 10.56 10.89 11.10 10.78  9.73  8.63  8.35  9.14  8.79  6.49  7.14  9.00  9.19  9.00
104; 45 46 47 48 49 50 51 52 53 54 55 56 57 58 59 60 61 62 63 64 65 66 67 68 69 70; 16.14 15.41 14.87 14.49 14.24 14.07 13.96 13.88 13.78 13.63 13.40 13.06 12.56 11.88 11.04 10.25  9.78 10.05 11.95 14.80 13.52 11.21 11.88 13.41 12.87  7.52
105; 45 46 47 48 49 50 51 52 53 54 55 56 57 58 59 60 61 62 63 64 65 66 67 68 69 70; 11.54 10.94 10.43 10.00  9.65  9.36  9.14  8.97  8.85  8.78  8.74  8.73  8.75  8.78  8.82  8.87  8.92  8.96  8.99  9.00  8.97  8.92  8.83  8.69  8.50  8.25
106; 45 46 47 48 49 50 51 52 53 54 55 56 57 58 59 60 61 62 63 64 65 66 67 68 69 70; 12.42 11.55 10.98 10.66 10.56 10.63 10.82 11.09 11.39 11.69 11.93 12.07 12.07 11.90 11.60 11.23 10.85 10.53 10.31 10.25 10.35 10.62 10.98 11.12 10.66  9.23
107; 45 46 47 48 49 50 51 52 53 54 55 56 57 58 59 60 61 62 63 64 65 66 67 68 69 70; 16.04 14.97 14.09 13.40 12.87 12.49 12.25 12.14 12.12 12.16 12.19 12.16 12.02 11.71 11.20 10.52  9.75  8.94  8.15  7.46  6.93  6.66  6.75  7.29  8.40 10.18
108; 45 46 47 48 49 50 51 52 53 54 55 56 57 58 59 60 61 62 63 64 65 66 67 68 69 70; 17.52 16.52 15.64 14.88 14.23 13.67 13.19 12.78 12.43 12.12 11.85 11.59 11.34 11.08 10.81 10.53 10.23  9.93  9.64  9.34  9.06  8.79  8.54  8.31  8.11  7.94
109; 45 46 47 48 49 50 51 52 53 54 55 56 57 58 59 60 61 62 63 64 65 66 67 68 69 70; 19.94 16.30 14.77 14.44 14.44 14.11 13.61 12.87 12.61 12.84 13.32 13.78 14.00 13.72 12.85 11.97 11.77 12.53 12.72 11.34 10.65 10.58 10.23  9.13  8.45  9.81
110; 45 46 47 48 49 50 51 52 53 54 55 56 57 58 59 60 61 62 63 64 65 66 67 68 69 70; 17.69 15.98 15.17 14.88 14.75 14.48 14.12 13.77 13.54 13.42 13.37 13.36 13.37 13.36 13.29 13.12 12.82 12.32 11.60 10.59  9.33  8.12  7.32  7.33  8.50 11.22
111; 45 46 47 48 49 50 51 52 53 54 55 56 57 58 59 60 61 62 63 64 65 66 67 68 69 70; 15.09 13.90 14.03 14.74 15.32 15.23 14.65 13.98 13.51 13.25 13.10 13.01 12.88 12.64 12.25 11.73 11.19 10.68 10.30 10.11 10.14 10.20 10.03  9.41  8.07  5.77
112; 45 46 47 48 49 50 51 52 53 54 55 56 57 58 59 60 61 62 63 64 65 66 67 68 69 70; 18.87 15.27 14.35 14.82 15.38 15.06 14.25 13.65 13.72 14.03 14.05 13.86 13.59 13.30 13.07 12.88 12.70 12.52 12.29 12.00 11.61 11.10 10.44  9.61  8.57  7.30
113; 45 46 47 48 49 50 51 52 53 54 55 56 57 58 59 60 61 62 63 64 65 66 67 68 69 70; 15.63 15.10 14.98 15.08 15.26 15.34 15.16 14.62 13.98 13.54 13.51 13.71 13.84 13.67 13.20 12.50 11.64 10.67  9.65  8.68  7.87  7.37  7.34  7.90  9.22 11.43
114; 45 46 47 48 49 50 51 52 53 54 55 56 57 58 59 60 61 62 63 64 65 66 67 68 69 70; 13.17 12.23 12.10 12.47 13.02 13.44 13.42 12.76 11.72 10.68  9.93  9.43  9.05  8.69  8.38  8.15  8.07  8.17  8.51  9.06  9.47  9.30  8.45  8.15  9.96 15.45
115; 45 46 47 48 49 50 51 52 53 54 55 56 57 58 59 60 61 62 63 64 65 66 67 68 69 70; 11.48 10.95 10.47 10.06  9.73  9.50  9.39  9.39  9.47  9.58  9.64  9.62  9.45  9.10  8.62  8.07  7.52  7.03  6.67  6.50  6.52  6.75  7.17  7.79  8.60  9.62
116; 45 46 47 48 49 50 51 52 53 54 55 56 57 58 59 60 61 62 63 64 65 66 67 68 69 70; 10.90 10.92 11.06 11.22 11.31 11.25 10.94 10.34  9.53  8.64  7.79  7.10  6.71  6.68  6.95  7.42  7.96  8.47  8.84  8.98  8.93  8.76  8.63  9.15 11.01 14.92
117; 45 46 47 48 49 50 51 52 53 54 55 56 57 58 59 60 61 62 63 64 65 66 67 68 69 70;  8.38  7.95  8.86 10.07 10.77 10.99 10.97 10.94 10.91 10.87 10.81 10.71 10.57 10.37 10.08  9.68  9.14  8.43  7.52  6.48  5.70  5.66  6.66  8.19  9.54 10.04
118; 45 46 47 48 49 50 51 52 53 54 55 56 57 58 59 60 61 62 63 64 65 66 67 68 69 70;  8.71  9.02 10.50 12.02 12.70 12.67 12.31 11.91 11.58 11.31 11.13 11.07 11.12 11.31 11.58 11.85 12.07 12.17 12.08 11.76 11.27 10.70 10.13  9.67  9.39  9.39
119; 45 46 47 48 49 50 51 52 53 54 55 56 57 58 59 60 61 62 63 64 65 66 67 68 69 70; 10.54 13.00 14.41 15.00 14.97 14.56 13.98 13.46 13.16 13.09 13.20 13.42 13.72 14.04 14.33 14.51 14.51 14.27 13.70 12.74 11.40 10.03  9.08  8.95  9.83 11.87
120; 45 46 47 48 49 50 51 52 53 54 55 56 57 58 59 60 61 62 63 64 65 66 67 68 69 70; 11.05 14.77 16.91 17.83 17.84 17.30 16.54 15.89 15.58 15.35 14.83 14.01 14.10 15.04 14.62 12.97 10.95  9.34  8.54  8.85 10.27 11.56 11.18  8.71  8.13 14.53
121; 45 46 47 48 49 50 51 52 53 54 55 56 57 58 59 60 61 62 63 64 65 66 67 68 69 70; 17.33 17.80 17.64 16.97 15.92 14.61 13.17 11.71 10.36  9.25  8.53  8.35  9.03 10.54 11.62 12.09 12.13 11.92 11.65 11.50 11.58 11.69 11.58 10.49  5.76 -5.76
122; 45 46 47 48 49 50 51 52 53 54 55 56 57 58 59 60 61 62 63 64 65 66 67 68 69 70; 13.14 13.30 12.94 12.23 11.31 10.35  9.50  8.90  8.65  8.50  8.13  7.35  6.42  5.72  5.54  5.81  6.37  7.04  7.66  8.07  8.16  8.14  8.28  7.96  3.17-11.03
123; 45 46 47 48 49 50 51 52 53 54 55 56 57 58 59 60 61 62 63 64 65 66 67 68 69 70; 17.59 16.96 16.39 15.87 15.42 15.02 14.67 14.38 14.14 13.96 13.83 13.74 13.71 13.70 13.59 13.21 12.48 11.63 10.97 10.70 10.65 10.58 10.22  9.31  7.60  4.84
124; 45 46 47 48 49 50 51 52 53 54 55 56 57 58 59 60 61 62 63 64 65 66 67 68 69 70; 18.78 19.10 18.94 18.41 17.60 16.62 15.56 14.58 14.03 14.31 15.44 15.91 14.84 14.69 15.24 15.33 14.12 11.94  9.42  7.35  7.11  9.37 11.72 12.21  9.21  1.10
125; 45 46 47 48 49 50 51 52 53 54 55 56 57 58 59 60 61 62 63 64 65 66 67 68 69 70; 17.83 16.44 16.22 15.92 14.62 12.74 11.01 10.11 10.40 11.69 12.31 12.12 11.50 10.75  9.93  9.06  8.24  8.05  8.73  9.16  9.16  8.90  8.46  7.56  5.75  2.23
126; 45 46 47 48 49 50 51 52 53 54 55 56 57 58 59 60 61 62 63 64 65 66 67 68 69 70; 13.98 14.67 14.92 14.80 14.42 13.85 13.20 12.62 12.54 13.24 14.11 14.70 14.66 13.78 12.44 11.27 10.94 11.26 11.81 12.25 12.54 12.72 12.80 12.84 12.86 12.88
127; 45 46 47 48 49 50 51 52 53 54 55 56 57 58 59 60 61 62 63 64 65 66 67 68 69 70; 15.17 16.92 17.20 16.47 15.24 13.98 13.10 12.60 12.41 12.43 12.35 11.84 10.71  9.30  8.09  7.40  7.57  8.73 10.42 11.98 12.92 13.30 13.31 13.15 13.03 13.13
128; 45 46 47 48 49 50 51 52 53 54 55 56 57 58 59 60 61 62 63 64 65 66 67 68 69 70; 14.52 15.06 15.18 14.98 14.55 14.02 13.47 13.02 12.82 12.93 13.12 13.22 13.13 12.71 11.86 10.57  9.25  8.42  8.45  9.03  9.78 10.56 11.29 11.89 12.28 12.38
129; 45 46 47 48 49 50 51 52 53 54 55 56 57 58 59 60 61 62 63 64 65 66 67 68 69 70; 16.05 16.47 16.28 15.64 14.77 13.84 13.04 12.57 12.62 13.29 14.30 15.27 15.83 15.61 14.41 13.23 13.54 12.16  9.97  9.28 11.11 11.34  8.28 10.58 12.55  3.99
130; 45 46 47 48 49 50 51 52 53 54 55 56 57 58 59 60 61 62 63 64 65 66 67 68 69 70; 16.04 16.66 16.52 15.85 14.93 14.00 13.32 13.15 13.63 14.52 15.44 16.08 16.28 15.95 15.09 14.17 13.64 13.37 13.06 12.40 11.23  9.90  8.91  8.76  9.94 12.95
131; 45 46 47 48 49 50 51 52 53 54 55 56 57 58 59 60 61 62 63 64 65 66 67 68 69 70; 15.92 15.05 15.35 15.76 15.48 14.74 14.08 13.91 14.15 14.65 15.24 15.74 15.99 15.86 15.42 14.78 14.04 13.31 12.71 12.28 11.82 11.08 10.02  9.43 10.36 13.80
132; 45 46 47 48 49 50 51 52 53 54 55 56 57 58 59 60 61 62 63 64 65 66 67 68 69 70; 17.27 16.84 16.82 17.18 17.24 15.45 14.89 15.18 15.52 15.41 14.99 16.03 16.86 17.01 16.66 16.01 15.26 14.62 14.27 14.33 14.51 13.78 10.22  7.64 11.50 27.24
133; 45 46 47 48 49 50 51 52 53 54 55 56 57 58 59 60 61 62 63 64 65 66 67 68 69 70; 19.71 19.44 19.00 18.46 17.89 17.36 16.94 16.69 16.69 16.99 17.61 18.33 18.91 19.12 18.97 18.50 17.75 16.78 15.63 14.40 13.32 12.71 12.62 12.11 13.47 32.85
134; 45 46 47 48 49 50 51 52 53 54 55 56 57 58 59 60 61 62 63 64 65 66 67 68 69 70; 18.60 17.50 16.56 15.81 15.25 14.91 14.81 14.93 15.18 15.42 15.54 15.53 15.39 15.13 14.80 14.48 14.23 14.10 14.17 14.19 13.55 13.96 14.42 15.21 17.21 21.28
135; 45 46 47 48 49 50 51 52 53 54 55 56 57 58 59 60 61 62 63 64 65 66 67 68 69 70; 19.10 17.95 17.12 16.55 16.22 16.08 16.09 16.20 16.39 16.60 16.80 16.94 16.99 16.90 16.66 16.28 15.84 15.38 14.97 14.68 14.48 13.95 12.58 10.83 13.03 24.49
136; 45 46 47 48 49 50 51 52 53 54 55 56 57 58 59 60 61 62 63 64 65 66 67 68 69 70; 19.02 17.60 16.63 16.02 15.73 15.69 15.84 16.10 16.43 16.76 17.02 17.15 17.09 16.75 15.92 14.37 12.13 10.27  9.74  9.95 10.52 11.16 11.61 11.62 10.91  9.22
137; 45 46 47 48 49 50 51 52 53 54 55 56 57 58 59 60 61 62 63 64 65 66 67 68 69 70; 18.34 17.09 16.32 15.95 15.89 16.05 16.37 16.74 17.09 17.32 17.37 17.13 16.54 15.53 14.17 12.59 10.93  9.57  8.95  9.31 10.21 11.00 11.29 11.73 13.25 16.74
138; 45 46 47 48 49 50 51 52 53 54 55 56 57 58 59 60 61 62 63 64 65 66 67 68 69 70; 19.83 18.37 16.87 15.38 13.94 12.60 11.39 10.36  9.56  9.04  8.83  8.98  9.55 10.57 11.95 12.99 12.85 11.05  8.54  6.64  6.31  7.03  7.92  8.71 11.59 19.35
139; 45 46 47 48 49 50 51 52 53 54 55 56 57 58 59 60 61 62 63 64 65 66 67 68 69 70; 14.37 14.48 14.45 14.37 14.35 14.49 14.89 15.51 15.76 14.89 12.50  9.62  7.61  7.45  8.51  9.80 10.51 10.64 10.42 10.02  9.55  9.07  8.81  9.49 11.98 17.13
140; 45 46 47 48 49 50 51 52 53 54 55 56 57 58 59 60 61 62 63 64 65 66 67 68 69 70; 13.99 13.66 13.44 13.31 13.26 13.27 13.33 13.43 13.56 13.70 13.85 13.98 14.09 14.16 14.19 14.17 14.08 13.93 13.70 13.39 12.98 12.48 11.86 11.13 10.28  9.29
141; 45 46 47 48 49 50 51 52 53 54 55 56 57 58 59 60 61 62 63 64 65 66 67 68 69 70; 17.26 16.56 16.21 16.15 16.31 16.64 17.07 17.55 18.00 18.36 18.58 18.59 18.33 17.65 16.06 12.97  8.59  6.27  8.20 10.28 11.47 11.97 11.99 11.75 11.46 11.31
142; 45 46 47 48 49 50 51 52 53 54 55 56 57 58 59 60 61 62 63 64 65 66 67 68 69 70; 18.24 16.78 15.93 15.55 15.51 15.69 15.95 16.17 16.33 16.40 16.37 16.22 15.93 15.46 14.65 13.33 11.44  9.43  7.87  7.28  7.75  8.78  9.72 10.19  9.83  8.33
143; 45 46 47 48 49 50 51 52 53 54 55 56 57 58 59 60 61 62 63 64 65 66 67 68 69 70; 18.51 17.69 16.99 16.40 15.94 15.61 15.41 15.34 15.32 15.26 15.07 14.65 13.91 12.81 11.48 10.07  8.77  7.74  7.15  7.12  7.49  8.07  8.65  9.03  9.00  8.35
144; 45 46 47 48 49 50 51 52 53 54 55 56 57 58 59 60 61 62 63 64 65 66 67 68 69 70; 19.30 19.08 18.56 17.88 17.20 16.67 16.44 16.59 16.92 17.16 17.02 16.25 14.57 11.93  9.23  7.70  8.45 10.40 11.90 11.78 10.76 10.03 10.38 11.03 10.78  8.46
145; 45 46 47 48 49 50 51 52 53 54 55 56 57 58 59 60 61 62 63 64 65 66 67 68 69 70; 18.02 17.73 17.13 16.26 15.21 14.04 12.81 11.60 10.47  9.49  8.72  8.24  8.10  8.33  8.69  8.92  8.82  8.47  8.03  7.67  7.47  7.49  7.80  8.48  9.59 11.21
146; 45 46 47 48 49 50 51 52 53 54 55 56 57 58 59 60 61 62 63 64 65 66 67 68 69 70; 17.02 16.01 15.01 14.04 13.11 12.23 11.40 10.65  9.97  9.39  8.90  8.53  8.28  8.15  8.13  8.17  8.23  8.30  8.32  8.28  8.14  7.89  7.50  6.96  6.25  5.34
147; 45 46 47 48 49 50 51 52 53 54 55 56 57 58 59 60 61 62 63 64 65 66 67 68 69 70; 16.73 16.41 15.92 15.31 14.66 14.03 13.51 13.12 12.81 12.47 12.01 11.33 10.34  9.04  7.79  7.07  7.18  7.78  8.34  8.49  8.29  7.95  7.67  7.64  8.06  9.13
148; 45 46 47 48 49 50 51 52 53 54 55 56 57 58 59 60 61 62 63 64 65 66 67 68 69 70; 16.56 15.28 14.36 13.71 13.22 12.81 12.37 11.84 11.23 10.56  9.86  9.17  8.50  7.90  7.38  6.98  6.72  6.55  6.40  6.26  6.19  6.29  6.64  7.35  8.51 10.21
149; 45 46 47 48 49 50 51 52 53 54 55 56 57 58 59 60 61 62 63 64 65 66 67 68 69 70; 17.29 17.00 16.68 16.34 15.98 15.60 15.22 14.83 14.45 14.06 13.69 13.33 12.99 12.67 12.37 12.11 11.88 11.69 11.55 11.46 11.42 11.43 11.51 11.66 11.87 12.16
150; 45 46 47 48 49 50 51 52 53 54 55 56 57 58 59 60 61 62 63 64 65 66 67 68 69 70; 23.67 22.13 20.95 20.04 19.34 18.75 18.20 17.62 16.95 16.25 15.59 15.05 14.70 14.63 14.86 15.21 15.44 15.36 14.87 13.95 13.01 13.35 13.71 14.39 13.49  8.33
151; 45 46 47 48 49 50 51 52 53 54 55 56 57 58 59 60 61 62 63 64 65 66 67 68 69 70; 17.55 17.76 17.82 17.74 17.57 17.31 17.01 16.70 16.38 16.10 15.89 15.76 15.75 15.88 16.15 16.39 16.41 16.07 15.51 14.92 14.47 14.24 14.28 14.67 15.45 16.68
152; 45 46 47 48 49 50 51 52 53 54 55 56 57 58 59 60 61 62 63 64 65 66 67 68 69 70; 22.76 24.92 24.97 23.41 20.74 17.46 14.08 11.20  9.44  9.17  9.80 10.47 10.56 10.30 10.05  9.88  9.78  9.72  9.71  9.73  9.76  9.80  9.83  9.84  9.82  9.75
153; 45 46 47 48 49 50 51 52 53 54 55 56 57 58 59 60 61 62 63 64 65 66 67 68 69 70; 16.58 16.28 15.74 15.01 14.13 13.15 12.09 11.01  9.96  8.96  8.07  7.33  6.78  6.47  6.41  6.57  6.89  7.30  7.76  8.19  8.55  8.85  9.09  9.30  9.49  9.68
154; 45 46 47 48 49 50 51 52 53 54 55 56 57 58 59 60 61 62 63 64 65 66 67 68 69 70; 19.20 17.96 16.96 16.16 15.54 15.06 14.69 14.42 14.21 14.03 13.86 13.67 13.42 13.09 12.67 12.16 11.59 11.00 10.45 10.02  9.80  9.86 10.30 11.22 12.69 14.82
155; 45 46 47 48 49 50 51 52 53 54 55 56 57 58 59 60 61 62 63 64 65 66 67 68 69 70; 21.66 20.80 19.97 19.18 18.40 17.64 16.88 16.11 15.32 14.50 13.65 12.75 11.79 10.77  9.72  8.84  8.40  8.54  9.06  9.65 10.08 10.49 11.08 12.08 13.70 16.17
156; 45 46 47 48 49 50 51 52 53 54 55 56 57 58 59 60 61 62 63 64 65 66 67 68 69 70; 25.11 23.24 21.69 20.41 19.38 18.55 17.88 17.35 16.90 16.50 16.11 15.70 15.22 14.65 13.95 13.16 12.34 11.53 10.79 10.17  9.73  9.51  9.57  9.95 10.72 11.92
157; 45 46 47 48 49 50 51 52 53 54 55 56 57 58 59 60 61 62 63 64 65 66 67 68 69 70; 29.18 25.27 22.33 20.19 18.70 17.71 17.06 16.59 16.15 15.57 14.74 13.66 12.37 10.90  9.30  7.86  7.63  8.40  9.20  9.74 10.00 10.10 10.21 10.50 11.15 12.33
158; 45 46 47 48 49 50 51 52 53 54 55 56 57 58 59 60 61 62 63 64 65 66 67 68 69 70; 10.29 15.35 18.30 19.50 19.28 18.00 16.00 13.63 11.23  9.14  7.65  6.71  6.20  6.03  6.06  6.21  6.44  6.72  7.01  7.29  7.55  7.73  7.83  7.82  7.66  7.33
159; 45 46 47 48 49 50 51 52 53 54 55 56 57 58 59 60 61 62 63 64 65 66 67 68 69 70; 16.34 15.46 14.82 14.37 14.08 13.89 13.77 13.68 13.57 13.40 13.12 12.71 12.11 11.28 10.18  8.84  7.56  6.74  6.61  6.97  7.48  8.03  8.50  8.80  8.85  8.53
160; 45 46 47 48 49 50 51 52 53 54 55 56 57 58 59 60 61 62 63 64 65 66 67 68 69 70; 16.69 18.92 20.18 20.64 20.49 19.89 19.02 18.03 17.06 16.22 15.51 14.89 14.32 13.78 13.24 12.71 12.20 11.72 11.30 10.96 10.70 10.54 10.51 10.61 10.87 11.29
161; 45 46 47 48 49 50 51 52 53 54 55 56 57 58 59 60 61 62 63 64 65 66 67 68 69 70; 18.46 18.34 18.01 17.50 16.83 16.02 15.10 14.08 13.00 11.88 10.79  9.83  9.06  8.57  8.41  8.52  8.81  9.20  9.59  9.90 10.04  9.93  9.51  8.70  7.43  5.63
162; 45 46 47 48 49 50 51 52 53 54 55 56 57 58 59 60 61 62 63 64 65 66 67 68 69 70; 18.46 17.66 16.95 16.32 15.76 15.27 14.84 14.47 14.14 13.85 13.59 13.35 13.13 12.92 12.71 12.50 12.28 12.03 11.76 11.46 11.12 10.72 10.28  9.77  9.19  8.53
163; 45 46 47 48 49 50 51 52 53 54 55 56 57 58 59 60 61 62 63 64 65 66 67 68 69 70; 17.74 17.56 17.33 17.05 16.72 16.35 15.93 15.48 14.99 14.46 13.91 13.32 12.70 12.06 11.40 10.74 10.11  9.51  8.98  8.55  8.22  8.02  7.98  8.12  8.46  9.03
164; 45 46 47 48 49 50 51 52 53 54 55 56 57 58 59 60 61 62 63 64 65 66 67 68 69 70; 17.71 16.98 16.30 15.68 15.10 14.57 14.08 13.62 13.21 12.83 12.49 12.18 11.89 11.63 11.40 11.18 10.98 10.81 10.64 10.48 10.34 10.20 10.07  9.93  9.80  9.66
165; 45 46 47 48 49 50 51 52 53 54 55 56 57 58 59 60 61 62 63 64 65 66 67 68 69 70; 20.38 19.81 19.27 18.75 18.25 17.77 17.30 16.85 16.41 15.99 15.57 15.16 14.76 14.37 13.98 13.59 13.20 12.81 12.42 12.03 11.63 11.23 10.81 10.39  9.96  9.51
166; 45 46 47 48 49 50 51 52 53 54 55 56 57 58 59 60 61 62 63 64 65 66 67 68 69 70; 25.71 24.50 23.45 22.53 21.72 21.00 20.35 19.74 19.16 18.58 17.98 17.34 16.63 15.83 14.94 13.97 12.96 11.96 11.00 10.12  9.36  8.80  8.54  8.67  9.26 10.42
167; 45 46 47 48 49 50 51 52 53 54 55 56 57 58 59 60 61 62 63 64 65 66 67 68 69 70; 23.96 23.10 22.25 21.43 20.65 19.92 19.25 18.66 18.14 17.67 17.25 16.86 16.49 16.14 15.78 15.42 15.03 14.62 14.17 13.68 13.15 12.59 12.02 11.44 10.87 10.32
168; 45 46 47 48 49 50 51 52 53 54 55 56 57 58 59 60 61 62 63 64 65 66 67 68 69 70; 24.63 22.39 20.86 19.86 19.24 18.83 18.47 18.02 17.50 16.96 16.42 15.94 15.55 15.23 14.64 13.38 11.33  9.48  8.74  8.68  8.99  9.50 10.02 10.37 10.38  9.87
169; 45 46 47 48 49 50 51 52 53 54 55 56 57 58 59 60 61 62 63 64 65 66 67 68 69 70; 23.40 21.81 20.63 19.78 19.18 18.77 18.45 18.16 17.87 17.54 17.12 16.60 15.94 15.11 14.16 13.11 12.03 10.96  9.93  9.02  8.33  7.97  7.99  8.19  8.28  7.98
170; 45 46 47 48 49 50 51 52 53 54 55 56 57 58 59 60 61 62 63 64 65 66 67 68 69 70; 19.96 18.87 18.00 17.32 16.79 16.40 16.10 15.88 15.71 15.55 15.38 15.16 14.88 14.51 14.07 13.59 13.08 12.59 12.12 11.71 11.34 11.01 10.70 10.39 10.08  9.75
171; 45 46 47 48 49 50 51 52 53 54 55 56 57 58 59 60 61 62 63 64 65 66 67 68 69 70; 20.31 19.18 18.24 17.49 16.96 16.64 16.55 16.68 16.94 17.22 17.42 17.44 17.16 16.47 15.20 13.17 10.45  8.60  9.44  9.46  8.47  7.54  7.52  8.41  9.02  4.34
172; 45 46 47 48 49 50 51 52 53 54 55 56 57 58 59 60 61 62 63 64 65 66 67 68 69 70; 20.31 19.99 19.61 19.20 18.79 18.42 18.11 17.87 17.58 17.13 16.36 15.08 13.08 10.36  7.83  6.60  7.36  9.08 10.33 10.05  8.74  7.27  6.75  9.05 11.86 -4.60
173; 45 46 47 48 49 50 51 52 53 54 55 56 57 58 59 60 61 62 63 64 65 66 67 68 69 70; 18.89 18.17 17.76 17.56 17.51 17.50 17.48 17.35 17.04 16.46 15.54 14.19 12.33 10.04  7.95  6.87  7.28  8.38  9.05  8.48  7.15  5.83  5.32  6.39  9.83 16.43
174; 45 46 47 48 49 50 51 52 53 54 55 56 57 58 59 60 61 62 63 64 65 66 67 68 69 70; 21.42 21.51 21.42 21.14 20.69 20.07 19.29 18.36 17.27 16.04 14.68 13.18 11.55  9.89  8.59  8.16  8.84 10.05 10.95 10.91 10.12  8.93  7.84  7.86 10.10 15.71
175; 45 46 47 48 49 50 51 52 53 54 55 56 57 58 59 60 61 62 63 64 65 66 67 68 69 70; 12.71 13.81 14.81 15.71 16.47 17.07 17.50 17.73 17.74 17.50 17.00 16.22 15.13 13.71 12.01 10.30  8.94  8.18  7.84  7.66  7.43  7.33  7.59  8.46 10.19 13.02
176; 45 46 47 48 49 50 51 52 53 54 55 56 57 58 59 60 61 62 63 64 65 66 67 68 69 70; 10.73 14.08 16.03 16.88 16.92 16.43 15.69 15.00 14.54 14.09 13.33 12.01 10.16  8.05  6.40  5.45  5.28  5.85  6.66  7.10  6.78  6.15  5.92  6.77  9.39 14.47
177; 45 46 47 48 49 50 51 52 53 54 55 56 57 58 59 60 61 62 63 64 65 66 67 68 69 70; 12.72 13.52 15.08 15.53 15.78 16.00 15.97 15.56 14.94 14.35 13.98 13.76 13.56 13.29 12.92 12.50 12.05 11.59 11.14 10.72 10.31  9.90  9.56  9.74 11.00 13.89
178; 45 46 47 48 49 50 51 52 53 54 55 56 57 58 59 60 61 62 63 64 65 66 67 68 69 70; 14.58 15.09 15.57 16.00 16.35 16.58 16.66 16.57 16.35 16.03 15.63 15.17 14.67 14.14 13.61 13.08 12.57 12.10 11.69 11.35 11.07 10.88 10.77 10.75 10.83 11.00
179; 45 46 47 48 49 50 51 52 53 54 55 56 57 58 59 60 61 62 63 64 65 66 67 68 69 70; 12.59 12.98 13.47 14.03 14.62 15.19 15.72 16.16 16.48 16.62 16.57 16.27 15.68 14.80 13.67 12.38 11.01  9.64  8.33  7.19  6.28  5.68  5.47  5.73  6.55  8.00
180; 45 46 47 48 49 50 51 52 53 54 55 56 57 58 59 60 61 62 63 64 65 66 67 68 69 70; 10.66  7.99  7.99  8.78  8.87  8.36  7.59  6.52  5.70  5.92  7.68 10.42 13.01 13.66 12.68 10.99  9.36  8.02  7.02  6.42  6.24  6.62  7.79  8.48  6.94  1.22
181; 45 46 47 48 49 50 51 52 53 54 55 56 57 58 59 60 61 62 63 64 65 66 67 68 69 70;  7.54  8.45  9.13  9.60  9.86  9.90  9.73  9.36  8.89  8.39  7.96  7.59  7.28  7.00  6.76  6.54  6.34  6.14  5.95  5.77  5.63  5.58  5.67  5.95  6.47  7.27
182; 45 46 47 48 49 50 51 52 53 54 55 56 57 58 59 60 61 62 63 64 65 66 67 68 69 70;  9.07 10.18 11.17 12.02 12.72 13.23 13.55 13.64 13.48 13.06 12.35 11.33  9.99  8.28  6.36  4.92  4.85  6.45  7.79  7.39  7.17  7.50  8.18  8.95  9.59  9.88
183; 45 46 47 48 49 50 51 52 53 54 55 56 57 58 59 60 61 62 63 64 65 66 67 68 69 70; 13.24 13.87 14.35 14.69 14.90 15.00 14.99 14.88 14.70 14.43 14.11 13.74 13.32 12.87 12.41 11.93 11.46 11.01 10.57 10.18  9.83  9.53  9.31  9.16  9.10  9.14
184; 45 46 47 48 49 50 51 52 53 54 55 56 57 58 59 60 61 62 63 64 65 66 67 68 69 70; 13.81 14.38 14.82 15.15 15.36 15.48 15.51 15.46 15.33 15.14 14.90 14.61 14.28 13.92 13.54 13.15 12.76 12.37 12.00 11.66 11.34 11.07 10.84 10.68 10.58 10.56
185; 45 46 47 48 49 50 51 52 53 54 55 56 57 58 59 60 61 62 63 64 65 66 67 68 69 70; 18.78 18.87 18.87 18.77 18.60 18.35 18.04 17.68 17.27 16.82 16.34 15.84 15.33 14.82 14.31 13.81 13.34 12.90 12.49 12.13 11.83 11.60 11.43 11.35 11.36 11.46
186; 45 46 47 48 49 50 51 52 53 54 55 56 57 58 59 60 61 62 63 64 65 66 67 68 69 70; 21.59 21.76 21.84 21.82 21.69 21.46 21.11 20.65 20.07 19.35 18.50 17.52 16.39 15.11 13.68 12.09 10.48  9.62  9.97 10.38 10.56 10.57 10.47 10.31 10.14 10.02
187; 45 46 47 48 49 50 51 52 53 54 55 56 57 58 59 60 61 62 63 64 65 66 67 68 69 70; 22.31 20.44 19.09 18.06 17.17 16.22 15.03 13.49 11.90 10.63  9.95  9.67  9.50  9.20  8.78  8.30  7.83  7.44  7.21  7.16  7.24  7.37  7.45  7.40  7.12  6.54
188; 45 46 47 48 49 50 51 52 53 54 55 56 57 58 59 60 61 62 63 64 65 66 67 68 69 70; 14.34 14.41 14.40 14.34 14.22 14.05 13.83 13.57 13.27 12.93 12.57 12.18 11.77 11.34 10.89 10.44  9.99  9.54  9.09  8.65  8.23  7.82  7.44  7.08  6.76  6.47
189; 45 46 47 48 49 50 51 52 53 54 55 56 57 58 59 60 61 62 63 64 65 66 67 68 69 70; 14.08 14.12 14.30 14.58 14.92 15.26 15.55 15.75 15.81 15.67 15.30 14.64 13.64 12.31 10.89  9.64  8.81  8.43  8.45  8.82  9.37  9.89 10.20 10.10  9.37  7.83
190; 45 46 47 48 49 50 51 52 53 54 55 56 57 58 59 60 61 62 63 64 65 66 67 68 69 70; 13.91 13.76 13.68 13.67 13.69 13.73 13.77 13.80 13.78 13.71 13.56 13.31 12.94 12.45 11.86 11.23 10.60 10.02  9.53  9.18  9.02  9.09  9.43 10.10 11.13 12.58
191; 45 46 47 48 49 50 51 52 53 54 55 56 57 58 59 60 61 62 63 64 65 66 67 68 69 70; 18.92 18.91 18.67 18.24 17.67 16.99 16.25 15.46 14.51 13.28 11.72 10.19  9.12  8.86  9.29  9.87 10.16 10.11  9.77  9.21  8.58  8.04  7.78  7.95  8.74 10.31
192; 45 46 47 48 49 50 51 52 53 54 55 56 57 58 59 60 61 62 63 64 65 66 67 68 69 70; 12.80 13.24 13.01 12.28 11.19  9.93  8.66  7.51  6.57  5.87  5.47  5.39  5.70  6.36  7.02  7.36  7.42  7.38  7.48  7.86  8.40  8.90  9.18  9.04  8.29  6.75
193; 45 46 47 48 49 50 51 52 53 54 55 56 57 58 59 60 61 62 63 64 65 66 67 68 69 70; 10.82 11.59 12.06 12.28 12.26 12.04 11.64 11.08 10.41  9.63  8.79  7.91  7.01  6.14  5.42  4.97  4.89  5.09  5.48  5.93  6.35  6.65  6.75  6.58  6.12  5.33
194; 45 46 47 48 49 50 51 52 53 54 55 56 57 58 59 60 61 62 63 64 65 66 67 68 69 70; 11.88 12.42 12.77 12.94 12.95 12.82 12.57 12.22 11.78 11.28 10.73 10.15  9.56  8.98  8.43  7.92  7.47  7.10  6.84  6.69  6.68  6.82  7.14  7.65  8.36  9.31
195; 45 46 47 48 49 50 51 52 53 54 55 56 57 58 59 60 61 62 63 64 65 66 67 68 69 70; 15.37 15.91 16.15 16.08 15.71 15.04 14.06 12.80 11.36  9.84  8.38  7.08  6.06  5.41  5.13  5.18  5.51  5.96  6.33  6.50  6.47  6.31  6.09  5.86  5.70  5.65
196; 45 46 47 48 49 50 51 52 53 54 55 56 57 58 59 60 61 62 63 64 65 66 67 68 69 70; 14.02 14.16 13.79 13.02 11.94 10.66  9.28  7.90  6.62  5.54  4.77  4.40  4.53  5.21  6.18  7.11  7.75  8.00  7.83  7.23  6.35  5.38  4.67  5.18  8.06 14.44
197; 45 46 47 48 49 50 51 52 53 54 55 56 57 58 59 60 61 62 63 64 65 66 67 68 69 70;  9.41  9.89 10.33 10.72 11.05 11.33 11.55 11.71 11.80 11.81 11.75 11.61 11.39 11.08 10.71 10.29  9.83  9.37  8.92  8.49  8.11  7.80  7.58  7.46  7.46  7.61
198; 45 46 47 48 49 50 51 52 53 54 55 56 57 58 59 60 61 62 63 64 65 66 67 68 69 70; 13.65 13.48 13.37 13.30 13.28 13.27 13.28 13.27 13.26 13.20 13.11 12.95 12.72 12.42 12.04 11.61 11.14 10.65 10.16  9.66  8.99  8.06  7.12  6.85  8.00 11.34
199; 45 46 47 48 49 50 51 52 53 54 55 56 57 58 59 60 61 62 63 64 65 66 67 68 69 70; 13.44 13.43 13.51 13.64 13.82 14.04 14.28 14.52 14.75 14.96 15.14 15.26 15.32 15.29 15.12 14.73 14.05 13.03 11.59  9.80  8.24  7.77  9.08 10.08  7.94 -0.17
200; 45 46 47 48 49 50 51 52 53 54 55 56 57 58 59 60 61 62 63 64 65 66 67 68 69 70; 13.53 13.45 13.32 13.11 12.84 12.49 12.06 11.53 10.91 10.19  9.35  8.40  7.33  6.20  5.36  5.24  6.09  7.54  9.04 10.14 10.73 10.81 10.25  8.56  5.12 -0.66
201; 45 46 47 48 49 50 51 52 53 54 55 56 57 58 59 60 61 62 63 64 65 66 67 68 69 70; 13.78 13.78 13.77 13.75 13.72 13.68 13.63 13.55 13.45 13.33 13.18 13.01 12.80 12.56 12.27 11.95 11.59 11.18 10.72 10.21  9.65  9.03  8.35  7.61  6.80  5.93
202; 45 46 47 48 49 50 51 52 53 54 55 56 57 58 59 60 61 62 63 64 65 66 67 68 69 70; 14.50 14.33 14.23 14.21 14.24 14.32 14.44 14.58 14.73 14.87 15.01 15.13 15.21 15.25 15.23 15.14 14.96 14.69 14.32 13.82 13.19 12.41 11.46 10.34  9.02  7.49
203; 45 46 47 48 49 50 51 52 53 54 55 56 57 58 59 60 61 62 63 64 65 66 67 68 69 70; 14.95 15.13 15.31 15.48 15.64 15.78 15.91 16.01 16.09 16.14 16.15 16.12 16.06 15.95 15.78 15.57 15.30 14.96 14.56 14.10 13.55 12.94 12.24 11.45 10.58  9.62
204; 45 46 47 48 49 50 51 52 53 54 55 56 57 58 59 60 61 62 63 64 65 66 67 68 69 70; 16.88 16.81 17.66 19.94 20.62 19.70 18.24 17.11 16.40 16.00 15.80 15.71 15.61 15.42 15.12 14.72 14.22 13.63 12.95 12.19 11.34 10.41  9.42  8.35  7.22  6.03
205; 45 46 47 48 49 50 51 52 53 54 55 56 57 58 59 60 61 62 63 64 65 66 67 68 69 70; 15.73 16.68 17.11 17.12 16.84 16.38 15.85 15.35 14.89 14.49 14.14 13.83 13.58 13.37 13.19 13.02 12.83 12.60 12.30 11.91 11.42 10.79 10.00  9.03  7.86  6.46
206; 45 46 47 48 49 50 51 52 53 54 55 56 57 58 59 60 61 62 63 64 65 66 67 68 69 70; 14.40 21.57 20.59 20.06 19.37 18.27 17.19 16.48 16.11 15.95 15.88 15.77 15.50 14.97 14.21 13.28 12.25 11.17 10.11  9.12  8.27  7.62  7.23  7.16  7.47  8.22
207; 45 46 47 48 49 50 51 52 53 54 55 56 57 58 59 60 61 62 63 64 65 66 67 68 69 70; 18.44 17.07 15.93 14.98 14.19 13.55 13.02 12.57 12.17 11.81 11.44 11.04 10.59 10.05  9.43  8.78  8.20  7.77  7.52  7.48  7.65  8.05  8.69  9.59 10.75 12.20
208; 45 46 47 48 49 50 51 52 53 54 55 56 57 58 59 60 61 62 63 64 65 66 67 68 69 70; 15.05 15.20 15.00 14.57 13.99 13.39 12.87 12.53 12.45 12.57 12.77 12.97 13.07 12.95 12.55 11.90 11.07 10.12  9.20  8.45  8.01  7.92  8.21  8.93 10.10 11.74
209; 45 46 47 48 49 50 51 52 53 54 55 56 57 58 59 60 61 62 63 64 65 66 67 68 69 70; 11.67 11.56 11.41 11.22 11.00 10.76 10.49 10.21  9.92  9.63  9.33  9.04  8.76  8.50  8.26  8.04  7.85  7.70  7.60  7.54  7.53  7.58  7.69  7.87  8.12  8.45
210; 45 46 47 48 49 50 51 52 53 54 55 56 57 58 59 60 61 62 63 64 65 66 67 68 69 70; 16.51 16.40 16.03 15.49 14.84 14.18 13.57 13.10 12.81 12.66 12.54 12.39 12.11 11.62 10.87  9.95  9.00  8.13  7.48  7.17  7.28  7.66  8.11  8.43  8.43  7.91
211; 45 46 47 48 49 50 51 52 53 54 55 56 57 58 59 60 61 62 63 64 65 66 67 68 69 70; 17.21 15.85 14.81 14.06 13.55 13.23 13.06 13.00 12.99 13.00 12.98 12.89 12.68 12.30 11.71 10.85  9.74  8.64  7.87  7.66  7.90  8.36  8.81  9.05  8.86  8.01
212; 45 46 47 48 49 50 51 52 53 54 55 56 57 58 59 60 61 62 63 64 65 66 67 68 69 70; 16.56 15.92 15.39 14.97 14.64 14.39 14.20 14.08 14.00 13.95 13.92 13.90 13.88 13.85 13.78 13.68 13.53 13.32 13.03 12.66 12.19 11.61 10.91 10.07  9.09  7.96
213; 45 46 47 48 49 50 51 52 53 54 55 56 57 58 59 60 61 62 63 64 65 66 67 68 69 70; 15.02 14.67 14.37 14.08 13.83 13.58 13.34 13.11 12.87 12.61 12.34 12.04 11.71 11.35 10.95 10.52 10.07  9.60  9.12  8.63  8.14  7.66  7.18  6.71  6.27  5.84
214; 45 46 47 48 49 50 51 52 53 54 55 56 57 58 59 60 61 62 63 64 65 66 67 68 69 70; 16.00 14.97 14.21 13.69 13.38 13.23 13.22 13.32 13.48 13.68 13.88 14.04 14.14 14.14 14.04 13.81 13.47 12.99 12.38 11.63 10.83 10.07  9.44  9.03  8.93  9.24
215; 45 46 47 48 49 50 51 52 53 54 55 56 57 58 59 60 61 62 63 64 65 66 67 68 69 70; 17.22 16.51 15.95 15.53 15.24 15.04 14.93 14.88 14.87 14.89 14.91 14.91 14.88 14.79 14.63 14.40 14.08 13.66 13.13 12.48 11.71 10.84  9.86  8.79  7.63  6.40
216; 45 46 47 48 49 50 51 52 53 54 55 56 57 58 59 60 61 62 63 64 65 66 67 68 69 70; 16.35 15.80 15.43 15.22 15.12 15.12 15.18 15.28 15.38 15.45 15.47 15.40 15.22 14.89 14.35 13.56 12.54 11.72 11.63 12.52 13.50 13.44 12.08 12.80 11.16-32.25
217; 45 46 47 48 49 50 51 52 53 54 55 56 57 58 59 60 61 62 63 64 65 66 67 68 69 70; 16.05 15.60 15.19 14.75 14.26 13.65 12.89 11.95 10.91  9.85  8.87  8.07  7.55  7.36  7.44  7.69  8.02  8.32  8.50  8.49  8.32  8.06  7.78  7.53  7.39  7.41
218; 45 46 47 48 49 50 51 52 53 54 55 56 57 58 59 60 61 62 63 64 65 66 67 68 69 70; 13.51 13.66 13.66 13.52 13.26 12.90 12.45 11.93 11.36 10.75 10.12  9.49  8.88  8.29  7.75  7.28  6.89  6.60  6.42  6.38  6.48  6.76  7.21  7.86  8.74  9.84
219; 45 46 47 48 49 50 51 52 53 54 55 56 57 58 59 60 61 62 63 64 65 66 67 68 69 70; 11.93 12.98 13.62 13.92 13.95 13.80 13.53 13.22 12.93 12.66 12.40 12.14 11.86 11.57 11.24 10.87 10.46 10.00  9.48  8.90  8.26  7.60  6.96  6.37  5.90  5.56
220; 45 46 47 48 49 50 51 52 53 54 55 56 57 58 59 60 61 62 63 64 65 66 67 68 69 70; 12.76 12.92 13.09 13.24 13.38 13.48 13.55 13.57 13.54 13.45 13.28 13.04 12.71 12.28 11.75 11.15 10.49  9.80  9.11  8.44  7.87  7.64  8.08  9.08  9.01  5.81
221; 45 46 47 48 49 50 51 52 53 54 55 56 57 58 59 60 61 62 63 64 65 66 67 68 69 70;  6.82  9.04 10.71 11.91 12.70 13.18 13.40 13.46 13.42 13.36 13.32 13.28 13.15 12.87 12.36 11.60 10.65  9.62  8.62  7.75  7.11  6.74  6.64  6.86  7.40  8.29
222; 45 46 47 48 49 50 51 52 53 54 55 56 57 58 59 60 61 62 63 64 65 66 67 68 69 70; 18.52 16.39 15.08 14.38 14.11 14.07 14.09 14.00 13.87 13.78 13.79 13.82 13.75 13.45 12.81 11.76 10.50  9.26  8.30  7.85  8.09  8.82  9.77 10.68 11.27 11.27
223; 45 46 47 48 49 50 51 52 53 54 55 56 57 58 59 60 61 62 63 64 65 66 67 68 69 70; 12.80 13.13 13.33 13.39 13.36 13.26 13.10 12.91 12.71 12.53 12.37 12.26 12.22 12.26 12.38 12.45 12.33 11.86 10.90  9.30  7.26  6.44  7.55  7.83  9.96 18.32
224; 45 46 47 48 49 50 51 52 53 54 55 56 57 58 59 60 61 62 63 64 65 66 67 68 69 70; 13.60 14.74 15.49 15.08 14.38 14.38 14.82 15.14 14.95 14.44 13.94 13.71 13.70 13.74 13.74 13.63 13.42 13.07 12.57 11.91 11.05  9.95  8.53  7.02  6.76  9.37
225; 45 46 47 48 49 50 51 52 53 54 55 56 57 58 59 60 61 62 63 64 65 66 67 68 69 70; 15.37 16.03 16.05 15.85 15.73 15.71 15.71 15.64 15.29 14.61 14.13 13.88 13.71 13.52 13.28 13.00 12.68 12.32 11.93 11.46 10.68  9.29  7.34  6.15  7.38 12.67
226; 45 46 47 48 49 50 51 52 53 54 55 56 57 58 59 60 61 62 63 64 65 66 67 68 69 70; 16.10 15.01 14.46 14.28 14.32 14.42 14.42 14.20 13.73 13.08 12.46 11.85 11.12 10.21  9.18  8.13  7.14  6.31  5.74  5.50  5.55  5.81  6.22  6.71  7.22  7.67
227; 45 46 47 48 49 50 51 52 53 54 55 56 57 58 59 60 61 62 63 64 65 66 67 68 69 70; 16.46 15.56 14.90 14.43 14.11 13.89 13.73 13.58 13.39 13.11 12.71 12.12 11.32 10.19  8.41  6.27  5.90  7.01  8.54  9.64 10.32 10.81 11.36 12.19 13.54 15.63
228; 45 46 47 48 49 50 51 52 53 54 55 56 57 58 59 60 61 62 63 64 65 66 67 68 69 70; 15.11 14.01 13.08 12.27 11.55 10.90 10.28  9.66  9.01  8.32  7.59  6.94  6.52  6.44  6.64  7.00  7.43  7.82  8.06  8.10  8.02  7.98  8.12  8.57  9.48 10.98
229; 45 46 47 48 49 50 51 52 53 54 55 56 57 58 59 60 61 62 63 64 65 66 67 68 69 70; 16.02 15.69 15.47 15.32 15.20 15.09 14.94 14.74 14.43 14.00 13.40 12.61 11.59 10.35  9.10  8.08  7.47  7.22  7.22  7.38  7.64  7.98  8.35  8.73  9.07  9.35
230; 45 46 47 48 49 50 51 52 53 54 55 56 57 58 59 60 61 62 63 64 65 66 67 68 69 70; 15.96 15.23 14.56 13.94 13.37 12.85 12.37 11.94 11.55 11.21 10.91 10.64 10.42 10.21  9.86  9.21  8.21  7.40  7.44  8.56  9.33  8.77  8.84  9.81 11.33 13.01
231; 45 46 47 48 49 50 51 52 53 54 55 56 57 58 59 60 61 62 63 64 65 66 67 68 69 70; 15.67 14.89 14.25 13.75 13.36 13.06 12.84 12.69 12.57 12.48 12.39 12.29 12.17 12.00 11.78 11.51 11.19 10.81 10.37  9.89  9.40  8.98  8.69  8.58  8.72  9.17
232; 45 46 47 48 49 50 51 52 53 54 55 56 57 58 59 60 61 62 63 64 65 66 67 68 69 70; 19.00 17.55 16.43 15.60 15.01 14.63 14.42 14.33 14.34 14.40 14.46 14.50 14.47 14.33 14.06 13.62 13.03 12.27 11.33 10.21  8.97  7.94  7.50  8.05  9.99 13.70
233; 45 46 47 48 49 50 51 52 53 54 55 56 57 58 59 60 61 62 63 64 65 66 67 68 69 70; 17.71 16.95 16.13 15.26 14.36 13.45 12.54 11.65 10.78  9.96  9.19  8.49  7.89  7.38  6.99  6.72  6.56  6.53  6.63  6.85  7.21  7.69  8.31  9.07  9.97 11.01
234; 45 46 47 48 49 50 51 52 53 54 55 56 57 58 59 60 61 62 63 64 65 66 67 68 69 70; 14.24 14.28 14.29 14.25 14.16 14.01 13.78 13.45 13.03 12.49 11.83 11.03 10.08  8.97  7.75  6.72  6.24  6.54  7.25  7.87  8.02  7.89  7.82  8.13  9.14 11.18
235; 45 46 47 48 49 50 51 52 53 54 55 56 57 58 59 60 61 62 63 64 65 66 67 68 69 70; 14.49 14.75 14.26 13.42 12.58 12.02 11.64 11.23 10.63  9.88  9.05  8.23  7.50  6.93  6.63  6.71  7.34  8.51  9.71 10.30  9.87  8.97  8.37  8.70  9.81 11.41
236; 45 46 47 48 49 50 51 52 53 54 55 56 57 58 59 60 61 62 63 64 65 66 67 68 69 70; 13.19 13.67 13.61 13.16 12.47 11.68 10.95 10.42 10.20 10.19 10.29 10.36 10.28  9.93  9.22  8.26  7.16  6.15  5.75  6.24  6.84  7.36  7.79  8.15  8.44  8.67
237; 45 46 47 48 49 50 51 52 53 54 55 56 57 58 59 60 61 62 63 64 65 66 67 68 69 70;  9.64 10.80 11.30 11.30 10.99 10.55 10.14  9.90  9.77  9.64  9.41  8.98  8.23  7.17  6.13  5.58  5.78  6.38  6.84  6.79  6.49  6.38  6.76  7.49  8.30  8.94
238; 45 46 47 48 49 50 51 52 53 54 55 56 57 58 59 60 61 62 63 64 65 66 67 68 69 70; 12.41 11.80 11.34 11.00 10.77 10.61 10.50 10.40 10.30 10.16  9.96  9.66  9.25  8.70  8.04  7.28  6.46  5.66  4.97  4.48  4.27  4.45  5.12  6.38  8.32 11.05
239; 45 46 47 48 49 50 51 52 53 54 55 56 57 58 59 60 61 62 63 64 65 66 67 68 69 70; 12.71 12.71 12.63 12.48 12.27 12.00 11.68 11.33 10.94 10.54 10.12  9.70  9.28  8.87  8.48  8.13  7.81  7.54  7.32  7.16  7.08  7.08  7.17  7.35  7.64  8.04
240; 45 46 47 48 49 50 51 52 53 54 55 56 57 58 59 60 61 62 63 64 65 66 67 68 69 70;  9.57  9.47  9.30  9.06  8.78  8.45  8.11  7.74  7.38  7.03  6.71  6.42  6.18  6.00  5.88  5.82  5.82  5.89  6.01  6.20  6.44  6.75  7.11  7.54  8.02  8.57
241; 45 46 47 48 49 50 51 52 53 54 55 56 57 58 59 60 61 62 63 64 65 66 67 68 69 70; 12.53 11.90 11.40 11.01 10.70 10.48 10.31 10.18 10.07  9.98  9.87  9.74  9.56  9.34  9.06  8.76  8.44  8.13  7.83  7.57  7.35  7.20  7.14  7.16  7.30  7.57
242; 45 46 47 48 49 50 51 52 53 54 55 56 57 58 59 60 61 62 63 64 65 66 67 68 69 70; 13.11 12.81 12.55 12.33 12.15 11.99 11.86 11.74 11.63 11.52 11.41 11.30 11.17 11.01 10.81 10.53 10.16  9.70  9.16  8.57  7.98  7.47  7.11  6.96  7.09  7.58
243; 45 46 47 48 49 50 51 52 53 54 55 56 57 58 59 60 61 62 63 64 65 66 67 68 69 70; 10.89 10.57 10.25  9.94  9.62  9.27  8.90  8.49  8.06  7.62  7.20  6.81  6.48  6.30  6.68  7.81  8.81  9.46  9.77  9.78  9.60  9.38  9.27  9.40  9.93 11.00
244; 45 46 47 48 49 50 51 52 53 54 55 56 57 58 59 60 61 62 63 64 65 66 67 68 69 70;  9.62  9.78  9.82  9.77  9.64  9.45  9.20  8.92  8.61  8.30  7.98  7.69  7.43  7.21  7.05  6.94  6.88  6.89  6.95  7.08  7.21  7.30  7.27  7.09  6.68  5.99
245; 45 46 47 48 49 50 51 52 53 54 55 56 57 58 59 60 61 62 63 64 65 66 67 68 69 70;  8.39  8.52  8.50  8.34  8.06  7.70  7.27  6.81  6.33  5.87  5.44  5.07  4.78  4.61  4.54  4.57  4.71  4.94  5.27  5.68  6.08  6.39  6.50  6.32  5.76  4.72
246; 45 46 47 48 49 50 51 52 53 54 55 56 57 58 59 60 61 62 63 64 65 66 67 68 69 70;  8.00  7.96  7.92  7.87  7.82  7.77  7.71  7.64  7.57  7.50  7.42  7.33  7.23  7.12  7.01  6.88  6.75  6.60  6.45  6.28  6.10  5.91  5.70  5.49  5.25  5.01
247; 45 46 47 48 49 50 51 52 53 54 55 56 57 58 59 60 61 62 63 64 65 66 67 68 69 70; 10.95 10.33  9.88  9.59  9.42  9.36  9.38  9.45  9.55  9.65  9.73  9.75  9.70  9.55  9.28  8.92  8.47  7.98  7.46  6.93  6.46  6.18  6.24  6.82  8.00  9.88
248; 45 46 47 48 49 50 51 52 53 54 55 56 57 58 59 60 61 62 63 64 65 66 67 68 69 70; 10.38 10.15  9.98  9.84  9.74  9.67  9.62  9.59  9.57  9.55  9.54  9.52  9.49  9.44  9.36  9.26  9.13  8.95  8.73  8.46  8.12  7.73  7.27  6.73  6.11  5.40
249; 45 46 47 48 49 50 51 52 53 54 55 56 57 58 59 60 61 62 63 64 65 66 67 68 69 70; 12.20 12.04 11.86 11.65 11.42 11.16 10.88 10.57 10.24  9.88  9.50  9.09  8.65  8.18  7.69  7.19  6.70  6.25  5.86  5.54  5.32  5.22  5.26  5.46  5.84  6.43
250; 45 46 47 48 49 50 51 52 53 54 55 56 57 58 59 60 61 62 63 64 65 66 67 68 69 70; 12.57 12.63 12.59 12.46 12.24 11.94 11.57 11.14 10.66 10.13  9.57  8.97  8.36  7.73  7.10  6.49  5.91  5.40  4.96  4.62  4.41  4.34  4.43  4.71  5.19  5.90
251; 45 46 47 48 49 50 51 52 53 54 55 56 57 58 59 60 61 62 63 64 65 66 67 68 69 70;  9.05  9.33  9.49  9.55  9.51  9.38  9.18  8.91  8.58  8.21  7.79  7.35  6.89  6.43  5.97  5.53  5.12  4.76  4.45  4.22  4.08  4.03  4.10  4.29  4.63  5.11
252; 45 46 47 48 49 50 51 52 53 54 55 56 57 58 59 60 61 62 63 64 65 66 67 68 69 70;  8.58  8.63  8.62  8.57  8.46  8.32  8.14  7.93  7.70  7.45  7.19  6.92  6.66  6.41  6.16  5.94  5.74  5.57  5.44  5.35  5.31  5.32  5.40  5.54  5.75  6.04
253; 45 46 47 48 49 50 51 52 53 54 55 56 57 58 59 60 61 62 63 64 65 66 67 68 69 70;  9.07  9.02  8.94  8.83  8.70  8.54  8.37  8.17  7.95  7.72  7.48  7.22  6.95  6.68  6.40  6.12  5.83  5.55  5.27  4.99  4.72  4.45  4.20  3.96  3.73  3.52
254; 45 46 47 48 49 50 51 52 53 54 55 56 57 58 59 60 61 62 63 64 65 66 67 68 69 70;  9.22  9.47  9.61  9.67  9.65  9.55  9.39  9.18  8.93  8.64  8.32  7.99  7.66  7.33  7.04  6.83  6.72  6.66  6.60  6.49  6.33  6.14  5.95  5.93  6.26  7.15
255; 45 46 47 48 49 50 51 52 53 54 55 56 57 58 59 60 61 62 63 64 65 66 67 68 69 70;  9.28  9.58  9.76  9.83  9.79  9.67  9.47  9.22  8.92  8.59  8.24  7.89  7.54  7.22  6.94  6.71  6.54  6.45  6.45  6.56  6.79  7.15  7.66  8.32  9.17 10.20
256; 45 46 47 48 49 50 51 52 53 54 55 56 57 58 59 60 61 62 63 64 65 66 67 68 69 70;  8.16  8.14  8.17  8.23  8.31  8.39  8.46  8.50  8.51  8.46  8.34  8.14  7.84  7.44  7.02  6.67  6.49  6.60  7.05  7.61  8.21  8.84  9.49 10.16 10.85 11.55
257; 45 46 47 48 49 50 51 52 53 54 55 56 57 58 59 60 61 62 63 64 65 66 67 68 69 70;  9.59  9.53  9.40  9.21  8.96  8.68  8.36  8.02  7.67  7.31  6.95  6.61  6.29  5.99  5.74  5.54  5.40  5.33  5.33  5.42  5.61  5.89  6.30  6.82  7.48  8.28
258; 45 46 47 48 49 50 51 52 53 54 55 56 57 58 59 60 61 62 63 64 65 66 67 68 69 70; 10.27  9.59  9.00  8.49  8.06  7.69  7.38  7.12  6.91  6.75  6.61  6.51  6.42  6.35  6.28  6.22  6.15  6.07  5.97  5.85  5.69  5.49  5.25  4.95  4.60  4.18
259; 45 46 47 48 49 50 51 52 53 54 55 56 57 58 59 60 61 62 63 64 65 66 67 68 69 70;  5.30  6.18  6.91  7.48  7.91  8.20  8.36  8.41  8.35  8.19  7.94  7.61  7.20  6.74  6.22  5.66  5.11  4.62  4.25  4.04  4.05  4.33  4.94  5.93  7.35  9.24
260; 45 46 47 48 49 50 51 52 53 54 55 56 57 58 59 60 61 62 63 64 65 66 67 68 69 70; 14.35 12.85 11.61 10.64  9.91  9.42  9.16  9.09  9.08  8.96  8.61  8.07  7.43  6.79  6.23  5.83  5.56  5.39  5.28  5.19  5.11  5.19  5.57  6.43  7.93 10.24
261; 45 46 47 48 49 50 51 52 53 54 55 56 57 58 59 60 61 62 63 64 65 66 67 68 69 70;  8.94  8.60  8.34  8.14  7.99  7.87  7.78  7.70  7.62  7.51  7.37  7.19  6.95  6.63  6.23  5.73  5.19  4.64  4.15  3.76  3.52  3.49  3.71  4.23  5.12  6.41
262; 45 46 47 48 49 50 51 52 53 54 55 56 57 58 59 60 61 62 63 64 65 66 67 68 69 70;  7.07  7.05  6.97  6.84  6.68  6.49  6.29  6.08  5.88  5.69  5.53  5.41  5.34  5.33  5.39  5.53  5.75  6.03  6.36  6.75  7.17  7.65  8.18  8.79  9.47 10.24
263; 45 46 47 48 49 50 51 52 53 54 55 56 57 58 59 60 61 62 63 64 65 66 67 68 69 70; -5.79 -1.33  2.20  4.91  6.88  8.19  8.93  9.18  9.03  8.56  7.87  7.04  6.17  5.35  4.69  4.25  4.03  3.99  4.11  4.34  4.67  5.06  5.48  5.89  6.28  6.60
264; 45 46 47 48 49 50 51 52 53 54 55 56 57 58 59 60 61 62 63 64 65 66 67 68 69 70;  4.65  5.33  5.84  6.20  6.43  6.54  6.54  6.45  6.29  6.07  5.81  5.52  5.22  4.92  4.65  4.41  4.22  4.10  4.06  4.12  4.29  4.60  5.04  5.65  6.43  7.40
265; 45 46 47 48 49 50 51 52 53 54 55 56 57 58 59 60 61 62 63 64 65 66 67 68 69 70;  4.95  5.56  6.03  6.36  6.57  6.68  6.69  6.62  6.49  6.31  6.09  5.84  5.59  5.34  5.11  4.91  4.76  4.68  4.66  4.73  4.91  5.20  5.63  6.19  6.92  7.82
266; 45 46 47 48 49 50 51 52 53 54 55 56 57 58 59 60 61 62 63 64 65 66 67 68 69 70;  5.31  5.72  6.05  6.29  6.46  6.55  6.59  6.56  6.49  6.37  6.21  6.01  5.79  5.55  5.29  5.03  4.76  4.50  4.24  4.00  3.78  3.59  3.43  3.32  3.24  3.22
267; 45 46 47 48 49 50 51 52 53 54 55 56 57 58 59 60 61 62 63 64 65 66 67 68 69 70;  7.44  7.27  7.12  6.99  6.87  6.76  6.67  6.58  6.50  6.42  6.34  6.26  6.18  6.08  5.98  5.87  5.74  5.60  5.43  5.25  5.03  4.80  4.53  4.23  3.90  3.53
268; 45 46 47 48 49 50 51 52 53 54 55 56 57 58 59 60 61 62 63 64 65 66 67 68 69 70;  9.42  8.58  7.88  7.30  6.82  6.43  6.10  5.82  5.56  5.33  5.14  4.97  4.84  4.75  4.69  4.68  4.72  4.83  5.00  5.26  5.60  6.00  6.43  6.88  7.32  7.72
269; 45 46 47 48 49 50 51 52 53 54 55 56 57 58 59 60 61 62 63 64 65 66 67 68 69 70;  8.52  7.69  7.00  6.43  5.97  5.62  5.36  5.17  5.06  5.01  5.01  5.05  5.12  5.21  5.31  5.40  5.49  5.55  5.57  5.56  5.49  5.35  5.15  4.85  4.47  3.97
270; 45 46 47 48 49 50 51 52 53 54 55 56 57 58 59 60 61 62 63 64 65 66 67 68 69 70;  7.93  7.56  7.19  6.82  6.46  6.12  5.80  5.53  5.30  5.12  5.01  4.97  5.01  5.14  5.32  5.54  5.75  5.94  6.06  6.09  6.01  5.76  5.34  4.71  3.83  2.68
271; 45 46 47 48 49 50 51 52 53 54 55 56 57 58 59 60 61 62 63 64 65 66 67 68 69 70;  8.42  7.91  7.46  7.07  6.73  6.43  6.19  5.98  5.83  5.71  5.63  5.59  5.58  5.61  5.65  5.69  5.73  5.73  5.70  5.61  5.45  5.20  4.86  4.40  3.80  3.07
272; 45 46 47 48 49 50 51 52 53 54 55 56 57 58 59 60 61 62 63 64 65 66 67 68 69 70;  7.21  7.08  6.97  6.87  6.79  6.71  6.64  6.57  6.51  6.45  6.38  6.31  6.23  6.14  6.04  5.92  5.79  5.64  5.47  5.27  5.05  4.80  4.52  4.20  3.85  3.46
273; 45 46 47 48 49 50 51 52 53 54 55 56 57 58 59 60 61 62 63 64 65 66 67 68 69 70;  8.13  7.75  7.44  7.17  6.96  6.79  6.65  6.54  6.46  6.40  6.36  6.32  6.29  6.26  6.23  6.18  6.11  6.02  5.90  5.75  5.56  5.33  5.05  4.71  4.32  3.85
274; 45 46 47 48 49 50 51 52 53 54 55 56 57 58 59 60 61 62 63 64 65 66 67 68 69 70;  8.81  8.36  7.96  7.62  7.32  7.07  6.86  6.70  6.58  6.49  6.45  6.44  6.46  6.51  6.57  6.64  6.68  6.69  6.65  6.54  6.34  6.04  5.63  5.08  4.37  3.50
275; 45 46 47 48 49 50 51 52 53 54 55 56 57 58 59 60 61 62 63 64 65 66 67 68 69 70; 13.37 12.77 12.10 11.39 10.67  9.98  9.34  8.78  8.35  8.07  7.98  8.11  8.49  9.10  9.61  9.63  8.91  7.72  6.46  5.47  4.78  4.36  4.20  4.26  4.51  4.93
276; 45 46 47 48 49 50 51 52 53 54 55 56 57 58 59 60 61 62 63 64 65 66 67 68 69 70;  5.55  5.20  4.91  4.67  4.47  4.31  4.18  4.09  4.02  3.97  3.93  3.91  3.89  3.87  3.85  3.82  3.78  3.72  3.64  3.53  3.39  3.22  3.00  2.74  2.42  2.05
277; 45 46 47 48 49 50 51 52 53 54 55 56 57 58 59 60 61 62 63 64 65 66 67 68 69 70;  6.56  6.05  5.64  5.30  5.05  4.85  4.72  4.63  4.59  4.59  4.61  4.64  4.69  4.74  4.78  4.81  4.81  4.79  4.73  4.62  4.45  4.22  3.92  3.54  3.08  2.52
278; 45 46 47 48 49 50 51 52 53 54 55 56 57 58 59 60 61 62 63 64 65 66 67 68 69 70;  5.15  4.92  4.73  4.58  4.47  4.38  4.33  4.30  4.28  4.29  4.30  4.32  4.34  4.37  4.39  4.40  4.39  4.37  4.33  4.26  4.17  4.04  3.88  3.67  3.42  3.12
279; 45 46 47 48 49 50 51 52 53 54 55 56 57 58 59 60 61 62 63 64 65 66 67 68 69 70;  6.03  5.79  5.58  5.40  5.24  5.10  4.97  4.86  4.76  4.67  4.59  4.51  4.44  4.36  4.28  4.20  4.10  4.00  3.88  3.74  3.59  3.42  3.22  2.99  2.74  2.46
280; 45 46 47 48 49 50 51 52 53 54 55 56 57 58 59 60 61 62 63 64 65 66 67 68 69 70;  6.93  6.70  6.47  6.27  6.09  5.92  5.77  5.64  5.53  5.44  5.37  5.32  5.30  5.29  5.31  5.34  5.41  5.49  5.60  5.73  5.89  6.07  6.28  6.51  6.77  7.05
281; 45 46 47 48 49 50 51 52 53 54 55 56 57 58 59 60 61 62 63 64 65 66 67 68 69 70;  6.46  6.14  5.86  5.61  5.40  5.21  5.05  4.91  4.79  4.69  4.60  4.52  4.45  4.39  4.32  4.26  4.19  4.11  4.02  3.92  3.81  3.67  3.52  3.33  3.12  2.88
282; 45 46 47 48 49 50 51 52 53 54 55 56 57 58 59 60 61 62 63 64 65 66 67 68 69 70;  7.68  7.72  7.68  7.58  7.44  7.28  7.13  7.00  6.91  6.88  6.94  7.11  7.40  7.83  8.41  9.13  9.97 10.79 11.41 11.71 11.67 11.31 10.66  9.84  8.96  8.16
283; 45 46 47 48 49 50 51 52 53 54 55 56 57 58 59 60 61 62 63 64 65 66 67 68 69 70;  6.59  6.31  6.08  5.89  5.73  5.61  5.51  5.44  5.39  5.35  5.32  5.30  5.27  5.24  5.21  5.16  5.09  5.00  4.88  4.74  4.55  4.33  4.06  3.74  3.36  2.93
284; 45 46 47 48 49 50 51 52 53 54 55 56 57 58 59 60 61 62 63 64 65 66 67 68 69 70;  6.56  6.43  6.28  6.13  5.97  5.80  5.62  5.45  5.27  5.10  4.93  4.77  4.61  4.46  4.33  4.21  4.11  4.03  3.97  3.93  3.92  3.93  3.97  4.05  4.15  4.30
285; 45 46 47 48 49 50 51 52 53 54 55 56 57 58 59 60 61 62 63 64 65 66 67 68 69 70;  5.71  5.52  5.36  5.23  5.12  5.03  4.95  4.87  4.80  4.72  4.64  4.54  4.43  4.30  4.14  3.98  3.81  3.64  3.48  3.33  3.19  3.07  2.99  2.93  2.92  2.94
286; 45 46 47 48 49 50 51 52 53 54 55 56 57 58 59 60 61 62 63 64 65 66 67 68 69 70;  5.57  5.43  5.30  5.18  5.07  4.96  4.86  4.75  4.65  4.55  4.44  4.33  4.21  4.09  3.96  3.81  3.66  3.49  3.30  3.10  2.88  2.63  2.37  2.08  1.77  1.43
287; 45 46 47 48 49 50 51 52 53 54 55 56 57 58 59 60 61 62 63 64 65 66 67 68 69 70;  6.53  6.37  6.19  6.02  5.85  5.68  5.52  5.37  5.24  5.14  5.07  5.03  5.03  5.06  5.14  5.24  5.35  5.48  5.61  5.73  5.83  5.91  5.95  5.95  5.91  5.80
288; 45 46 47 48 49 50 51 52 53 54 55 56 57 58 59 60 61 62 63 64 65 66 67 68 69 70;  8.17  7.88  7.57  7.25  6.91  6.58  6.25  5.95  5.69  5.46  5.28  5.16  5.12  5.15  5.24  5.38  5.56  5.74  5.92  6.08  6.21  6.28  6.28  6.19  6.00  5.69
289; 45 46 47 48 49 50 51 52 53 54 55 56 57 58 59 60 61 62 63 64 65 66 67 68 69 70;  5.25  5.15  5.06  4.95  4.85  4.75  4.64  4.54  4.44  4.34  4.25  4.16  4.08  4.00  3.93  3.87  3.82  3.78  3.75  3.73  3.72  3.73  3.76  3.80  3.85  3.93
290; 45 46 47 48 49 50 51 52 53 54 55 56 57 58 59 60 61 62 63 64 65 66 67 68 69 70;  6.07  5.95  5.81  5.65  5.47  5.28  5.09  4.89  4.70  4.51  4.34  4.19  4.05  3.95  3.87  3.83  3.84  3.88  3.98  4.13  4.34  4.62  4.97  5.38  5.88  6.46
291; 45 46 47 48 49 50 51 52 53 54 55 56 57 58 59 60 61 62 63 64 65 66 67 68 69 70;  8.11  7.70  7.31  6.94  6.58  6.24  5.92  5.61  5.32  5.04  4.78  4.54  4.32  4.11  3.91  3.74  3.58  3.43  3.31  3.19  3.10  3.02  2.96  2.91  2.88  2.86
292; 45 46 47 48 49 50 51 52 53 54 55 56 57 58 59 60 61 62 63 64 65 66 67 68 69 70;  7.07  6.58  6.17  5.81  5.50  5.25  5.04  4.87  4.74  4.63  4.54  4.47  4.42  4.37  4.32  4.26  4.20  4.12  4.02  3.90  3.74  3.55  3.31  3.03  2.69  2.29
293; 45 46 47 48 49 50 51 52 53 54 55 56 57 58 59 60 61 62 63 64 65 66 67 68 69 70;  7.73  7.57  7.39  7.18  6.95  6.70  6.44  6.17  5.89  5.61  5.33  5.06  4.79  4.54  4.31  4.09  3.90  3.74  3.61  3.52  3.47  3.46  3.50  3.59  3.73  3.93
294; 45 46 47 48 49 50 51 52 53 54 55 56 57 58 59 60 61 62 63 64 65 66 67 68 69 70;  8.18  7.91  7.64  7.37  7.11  6.84  6.58  6.32  6.07  5.83  5.59  5.36  5.13  4.92  4.71  4.51  4.33  4.16  3.99  3.84  3.71  3.59  3.48  3.39  3.32  3.26
295; 45 46 47 48 49 50 51 52 53 54 55 56 57 58 59 60 61 62 63 64 65 66 67 68 69 70;  6.65  6.30  6.02  5.82  5.67  5.56  5.49  5.44  5.40  5.36  5.31  5.24  5.13  4.98  4.81  4.63  4.47  4.38  4.43  4.66  5.00  5.40  5.78  6.06  6.16  6.03
296; 45 46 47 48 49 50 51 52 53 54 55 56 57 58 59 60 61 62 63 64 65 66 67 68 69 70;  6.24  6.31  6.36  6.39  6.41  6.41  6.38  6.34  6.29  6.21  6.12  6.01  5.89  5.75  5.61  5.50  5.43  5.43  5.54  5.77  6.10  6.46  6.81  7.10  7.28  7.30
297; 45 46 47 48 49 50 51 52 53 54 55 56 57 58 59 60 61 62 63 64 65 66 67 68 69 70;  4.37  4.39  4.41  4.44  4.46  4.49  4.52  4.54  4.57  4.59  4.60  4.61  4.60  4.59  4.57  4.53  4.48  4.42  4.34  4.24  4.12  3.98  3.82  3.64  3.43  3.20
298; 45 46 47 48 49 50 51 52 53 54 55 56 57 58 59 60 61 62 63 64 65 66 67 68 69 70;  4.66  4.72  4.77  4.80  4.83  4.84  4.85  4.85  4.84  4.82  4.80  4.77  4.74  4.71  4.67  4.63  4.60  4.56  4.52  4.49  4.46  4.44  4.42  4.40  4.39  4.39
299; 45 46 47 48 49 50 51 52 53 54 55 56 57 58 59 60 61 62 63 64 65 66 67 68 69 70;  5.03  4.90  4.79  4.68  4.59  4.51  4.44  4.38  4.33  4.29  4.25  4.21  4.18  4.15  4.13  4.10  4.08  4.05  4.02  3.99  3.96  3.92  3.87  3.82  3.76  3.69
300; 45 46 47 48 49 50 51 52 53 54 55 56 57 58 59 60 61 62 63 64 65 66 67 68 69 70;  3.29  3.71  4.05  4.33  4.54  4.69  4.79  4.84  4.85  4.82  4.77  4.69  4.60  4.49  4.38  4.27  4.16  4.06  3.98  3.93  3.90  3.91  3.96  4.05  4.20  4.41
301; 45 46 47 48 49 50 51 52 53 54 55 56 57 58 59 60 61 62 63 64 65 66 67 68 69 70;  6.74  6.68  6.58  6.45  6.29  6.11  5.90  5.69  5.47  5.25  5.03  4.82  4.62  4.44  4.29  4.16  4.07  4.01  4.00  4.04  4.14  4.29  4.51  4.80  5.17  5.61
302; 45 46 47 48 49 50 51 52 53 54 55 56 57 58 59 60 61 62 63 64 65 66 67 68 69 70;  3.57  4.02  4.39  4.67  4.88  5.02  5.10  5.12  5.10  5.03  4.93  4.80  4.64  4.47  4.29  4.10  3.92  3.74  3.58  3.44  3.33  3.25  3.22  3.23  3.29  3.42
303; 45 46 47 48 49 50 51 52 53 54 55 56 57 58 59 60 61 62 63 64 65 66 67 68 69 70;  3.64  4.55  5.15  5.50  5.63  5.59  5.42  5.17  4.88  4.59  4.35  4.20  4.18  4.34  4.72  5.35  6.14  7.01  7.86  8.60  9.11  9.25  8.82  7.79  6.68  6.18
304; 45 46 47 48 49 50 51 52 53 54 55 56 57 58 59 60 61 62 63 64 65 66 67 68 69 70;  7.93  7.70  7.45  7.19  6.93  6.67  6.40  6.12  5.85  5.58  5.30  5.03  4.77  4.51  4.26  4.02  3.79  3.57  3.36  3.17  2.99  2.84  2.70  2.58  2.48  2.41
305; 45 46 47 48 49 50 51 52 53 54 55 56 57 58 59 60 61 62 63 64 65 66 67 68 69 70; 16.25 13.45 11.24  9.55  8.31  7.43  6.84  6.47  6.24  6.08  5.91  5.72  5.47  5.20  5.05  5.17  5.49  5.91  6.19  6.22  5.95  5.54  5.22  5.23  5.77  7.08
306; 45 46 47 48 49 50 51 52 53 54 55 56 57 58 59 60 61 62 63 64 65 66 67 68 69 70; 14.91 12.13  9.96  8.32  7.14  6.34  5.82  5.52  5.35  5.23  5.09  4.92  4.74  4.53  4.32  4.10  3.90  3.75  3.68  3.71  3.85  4.03  4.17  4.18  3.97  3.46
307; 45 46 47 48 49 50 51 52 53 54 55 56 57 58 59 60 61 62 63 64 65 66 67 68 69 70;  7.24  6.60  6.05  5.56  5.14  4.79  4.49  4.25  4.06  3.91  3.80  3.73  3.69  3.68  3.69  3.72  3.78  3.88  4.03  4.24  4.52  4.87  5.32  5.86  6.52  7.29
308; 45 46 47 48 49 50 51 52 53 54 55 56 57 58 59 60 61 62 63 64 65 66 67 68 69 70;  6.24  5.89  5.60  5.36  5.18  5.03  4.91  4.82  4.74  4.68  4.62  4.55  4.47  4.36  4.23  4.07  3.89  3.71  3.55  3.43  3.36  3.37  3.46  3.66  3.99  4.47
309; 45 46 47 48 49 50 51 52 53 54 55 56 57 58 59 60 61 62 63 64 65 66 67 68 69 70;  8.93  8.17  7.48  6.86  6.32  5.83  5.41  5.05  4.73  4.46  4.24  4.05  3.90  3.77  3.68  3.60  3.55  3.50  3.46  3.43  3.40  3.36  3.32  3.26  3.19  3.09
310; 45 46 47 48 49 50 51 52 53 54 55 56 57 58 59 60 61 62 63 64 65 66 67 68 69 70;  7.37  6.51  5.81  5.23  4.78  4.43  4.16  3.97  3.83  3.74  3.66  3.60  3.52  3.43  3.29  3.14  2.99  2.86  2.77  2.75  2.80  2.94  3.16  3.47  3.86  4.34
311; 45 46 47 48 49 50 51 52 53 54 55 56 57 58 59 60 61 62 63 64 65 66 67 68 69 70;  5.08  5.25  5.36  5.41  5.42  5.40  5.35  5.28  5.20  5.12  5.05  4.99  4.96  4.96  5.08  5.67  7.18  9.57 10.92  9.91  8.79  8.21  8.13  8.54  9.41 10.72
312; 45 46 47 48 49 50 51 52 53 54 55 56 57 58 59 60 61 62 63 64 65 66 67 68 69 70;  5.12  4.89  4.67  4.46  4.27  4.09  3.92  3.77  3.63  3.51  3.39  3.30  3.21  3.14  3.09  3.04  3.02  3.00  3.00  3.02  3.05  3.09  3.15  3.23  3.31  3.42
313; 45 46 47 48 49 50 51 52 53 54 55 56 57 58 59 60 61 62 63 64 65 66 67 68 69 70;  5.96  6.08  6.32  6.59  6.80  6.85  6.68  6.24  5.76  5.51  5.79  6.97  8.96 10.20 10.51 10.19  9.56  8.92  8.57  8.72  9.18  9.66  9.88  9.55  8.37  6.07
314; 45 46 47 48 49 50 51 52 53 54 55 56 57 58 59 60 61 62 63 64 65 66 67 68 69 70;  5.51  5.50  5.40  5.22  4.98  4.70  4.38  4.04  3.69  3.34  3.01  2.71  2.45  2.25  2.12  2.07  2.12  2.27  2.55  2.96  3.51  4.23  5.12  6.20  7.47  8.96
315; 45 46 47 48 49 50 51 52 53 54 55 56 57 58 59 60 61 62 63 64 65 66 67 68 69 70;  6.05  6.70  6.91  6.79  6.47  6.08  5.73  5.55  5.60  5.94  6.59  7.43  8.30  9.07  9.69 10.12 10.34 10.32 10.02  9.47  8.86  8.44  8.45  9.15 10.79 13.60
316; 45 46 47 48 49 50 51 52 53 54 55 56 57 58 59 60 61 62 63 64 65 66 67 68 69 70;  4.58  4.66  4.67  4.63  4.53  4.39  4.22  4.01  3.78  3.53  3.27  3.01  2.75  2.50  2.27  2.06  1.88  1.73  1.63  1.58  1.58  1.64  1.78  1.99  2.29  2.67
317; 45 46 47 48 49 50 51 52 53 54 55 56 57 58 59 60 61 62 63 64 65 66 67 68 69 70;  5.99  5.75  5.50  5.24  4.97  4.69  4.40  4.12  3.83  3.56  3.29  3.03  2.79  2.57  2.37  2.20  2.05  1.93  1.85  1.80  1.79  1.83  1.92  2.05  2.24  2.48
318; 45 46 47 48 49 50 51 52 53 54 55 56 57 58 59 60 61 62 63 64 65 66 67 68 69 70;  4.97  4.93  4.84  4.71  4.54  4.35  4.13  3.89  3.65  3.40  3.16  2.92  2.70  2.50  2.33  2.20  2.10  2.06  2.06  2.13  2.26  2.47  2.75  3.12  3.58  4.15
319; 45 46 47 48 49 50 51 52 53 54 55 56 57 58 59 60 61 62 63 64 65 66 67 68 69 70;  5.16  5.03  4.90  4.76  4.62  4.48  4.34  4.20  4.07  3.95  3.83  3.72  3.63  3.54  3.48  3.43  3.39  3.38  3.39  3.42  3.48  3.56  3.67  3.81  3.98  4.19
320; 45 46 47 48 49 50 51 52 53 54 55 56 57 58 59 60 61 62 63 64 65 66 67 68 69 70;  7.53  6.17  5.64  5.60  5.68  5.61  5.43  5.28  5.23  5.26  5.31  5.33  5.25  5.02  4.65  4.47  4.87  6.06  7.53  8.56  8.59  7.72  6.38  5.79  7.48 13.03
321; 45 46 47 48 49 50 51 52 53 54 55 56 57 58 59 60 61 62 63 64 65 66 67 68 69 70;  6.18  5.83  5.54  5.29  5.08  4.91  4.78  4.68  4.61  4.56  4.54  4.54  4.55  4.57  4.61  4.65  4.70  4.74  4.78  4.82  4.84  4.85  4.85  4.82  4.77  4.69
322; 45 46 47 48 49 50 51 52 53 54 55 56 57 58 59 60 61 62 63 64 65 66 67 68 69 70;  5.65  5.57  5.46  5.32  5.15  4.97  4.77  4.56  4.35  4.13  3.92  3.72  3.53  3.36  3.21  3.09  3.00  2.95  2.94  2.98  3.07  3.22  3.42  3.70  4.04  4.46
323; 45 46 47 48 49 50 51 52 53 54 55 56 57 58 59 60 61 62 63 64 65 66 67 68 69 70;  5.86  5.69  5.50  5.31  5.09  4.87  4.65  4.42  4.19  3.96  3.74  3.52  3.32  3.14  2.97  2.82  2.70  2.60  2.54  2.51  2.51  2.55  2.64  2.77  2.94  3.17
324; 45 46 47 48 49 50 51 52 53 54 55 56 57 58 59 60 61 62 63 64 65 66 67 68 69 70;  5.17  5.00  4.82  4.66  4.50  4.35  4.22  4.10  3.99  3.91  3.84  3.79  3.77  3.76  3.79  3.84  3.92  4.04  4.18  4.36  4.58  4.83  5.13  5.46  5.84  6.27
325; 45 46 47 48 49 50 51 52 53 54 55 56 57 58 59 60 61 62 63 64 65 66 67 68 69 70;  4.79  4.67  4.55  4.42  4.28  4.14  4.00  3.85  3.70  3.56  3.42  3.28  3.14  3.01  2.89  2.78  2.68  2.59  2.52  2.45  2.41  2.38  2.37  2.38  2.41  2.47
326; 45 46 47 48 49 50 51 52 53 54 55 56 57 58 59 60 61 62 63 64 65 66 67 68 69 70;  4.51  4.51  4.47  4.40  4.30  4.17  4.03  3.87  3.70  3.52  3.35  3.17  3.00  2.84  2.69  2.56  2.46  2.38  2.34  2.33  2.36  2.44  2.57  2.75  2.98  3.28
327; 45 46 47 48 49 50 51 52 53 54 55 56 57 58 59 60 61 62 63 64 65 66 67 68 69 70;  4.35  4.45  4.44  4.35  4.20  4.00  3.79  3.58  3.40  3.27  3.21  3.24  3.39  3.66  4.04  4.48  4.97  5.45  5.91  6.30  6.58  6.72  6.72  6.59  6.38  6.09
328; 45 46 47 48 49 50 51 52 53 54 55 56 57 58 59 60 61 62 63 64 65 66 67 68 69 70;  4.37  4.27  4.15  4.02  3.87  3.72  3.56  3.40  3.24  3.08  2.93  2.79  2.66  2.55  2.46  2.40  2.36  2.34  2.36  2.42  2.51  2.65  2.83  3.06  3.34  3.67
329; 45 46 47 48 49 50 51 52 53 54 55 56 57 58 59 60 61 62 63 64 65 66 67 68 69 70;  4.19  4.17  4.12  4.03  3.92  3.78  3.63  3.45  3.27  3.09  2.90  2.71  2.54  2.38  2.23  2.11  2.02  1.95  1.93  1.94  2.00  2.11  2.27  2.49  2.78  3.13
330; 45 46 47 48 49 50 51 52 53 54 55 56 57 58 59 60 61 62 63 64 65 66 67 68 69 70;  5.30  5.18  5.04  4.89  4.72  4.54  4.34  4.14  3.93  3.72  3.51  3.30  3.09  2.89  2.70  2.51  2.34  2.19  2.05  1.93  1.84  1.77  1.72  1.71  1.72  1.77
331; 45 46 47 48 49 50 51 52 53 54 55 56 57 58 59 60 61 62 63 64 65 66 67 68 69 70;  6.20  5.98  5.75  5.50  5.24  4.97  4.69  4.41  4.14  3.86  3.59  3.34  3.09  2.86  2.64  2.45  2.27  2.13  2.01  1.93  1.88  1.86  1.89  1.96  2.08  2.25
332; 45 46 47 48 49 50 51 52 53 54 55 56 57 58 59 60 61 62 63 64 65 66 67 68 69 70;  5.57  5.65  5.67  5.63  5.53  5.40  5.22  5.01  4.77  4.51  4.24  3.95  3.66  3.37  3.09  2.82  2.57  2.34  2.15  1.99  1.87  1.80  1.78  1.83  1.94  2.12
333; 45 46 47 48 49 50 51 52 53 54 55 56 57 58 59 60 61 62 63 64 65 66 67 68 69 70;  5.29  6.00  6.23  6.12  5.82  5.45  5.17  5.07  5.06  5.03  4.88  4.64  4.36  4.08  3.87  3.75  3.72  3.77  3.86  3.98  4.12  4.24  4.34  4.38  4.36  4.24
334; 45 46 47 48 49 50 51 52 53 54 55 56 57 58 59 60 61 62 63 64 65 66 67 68 69 70;  6.12  5.95  5.76  5.57  5.37  5.17  4.97  4.77  4.58  4.40  4.22  4.06  3.91  3.77  3.66  3.56  3.49  3.45  3.43  3.44  3.49  3.57  3.69  3.84  4.04  4.28
335; 45 46 47 48 49 50 51 52 53 54 55 56 57 58 59 60 61 62 63 64 65 66 67 68 69 70;  6.67  6.00  5.44  4.98  4.62  4.35  4.15  4.02  3.96  3.94  3.97  4.04  4.13  4.24  4.37  4.49  4.61  4.72  4.80  4.85  4.87  4.83  4.74  4.59  4.36  4.06
336; 45 46 47 48 49 50 51 52 53 54 55 56 57 58 59 60 61 62 63 64 65 66 67 68 69 70;  5.09  4.98  4.86  4.72  4.57  4.42  4.25  4.08  3.91  3.74  3.56  3.39  3.22  3.05  2.89  2.74  2.60  2.47  2.35  2.25  2.16  2.09  2.05  2.02  2.02  2.04
337; 45 46 47 48 49 50 51 52 53 54 55 56 57 58 59 60 61 62 63 64 65 66 67 68 69 70;  4.62  4.64  4.59  4.48  4.32  4.12  3.89  3.64  3.37  3.09  2.82  2.55  2.30  2.08  1.89  1.74  1.65  1.61  1.64  1.75  1.94  2.23  2.62  3.11  3.72  4.46
338; 45 46 47 48 49 50 51 52 53 54 55 56 57 58 59 60 61 62 63 64 65 66 67 68 69 70;  5.05  5.04  4.99  4.90  4.78  4.63  4.45  4.26  4.05  3.84  3.62  3.41  3.21  3.02  2.85  2.71  2.60  2.52  2.48  2.49  2.56  2.68  2.86  3.11  3.43  3.84
339; 45 46 47 48 49 50 51 52 53 54 55 56 57 58 59 60 61 62 63 64 65 66 67 68 69 70;  4.96  4.64  4.33  4.05  3.78  3.53  3.30  3.09  2.90  2.73  2.58  2.45  2.34  2.25  2.18  2.14  2.11  2.11  2.13  2.18  2.25  2.34  2.45  2.59  2.75  2.94
340; 45 46 47 48 49 50 51 52 53 54 55 56 57 58 59 60 61 62 63 64 65 66 67 68 69 70;  3.83  3.70  3.56  3.41  3.26  3.11  2.95  2.80  2.65  2.51  2.37  2.25  2.14  2.05  1.98  1.92  1.89  1.88  1.90  1.95  2.04  2.15  2.30  2.49  2.72  3.00
341; 45 46 47 48 49 50 51 52 53 54 55 56 57 58 59 60 61 62 63 64 65 66 67 68 69 70;  4.88  4.47  4.11  3.78  3.48  3.22  3.00  2.80  2.64  2.50  2.40  2.32  2.28  2.26  2.27  2.30  2.36  2.44  2.54  2.67  2.81  2.98  3.17  3.37  3.60  3.84
342; 45 46 47 48 49 50 51 52 53 54 55 56 57 58 59 60 61 62 63 64 65 66 67 68 69 70;  5.05  4.76  4.49  4.24  4.03  3.87  3.78  3.76  3.83  3.99  4.28  4.69  5.23  5.93  6.76  7.57  8.18  8.46  8.45  8.25  7.97  7.69  7.53  7.57  7.93  8.70
343; 45 46 47 48 49 50 51 52 53 54 55 56 57 58 59 60 61 62 63 64 65 66 67 68 69 70;  4.44  4.34  4.21  4.05  3.87  3.67  3.46  3.24  3.02  2.80  2.59  2.39  2.22  2.06  1.94  1.85  1.80  1.79  1.84  1.93  2.09  2.31  2.60  2.97  3.42  3.95
344; 45 46 47 48 49 50 51 52 53 54 55 56 57 58 59 60 61 62 63 64 65 66 67 68 69 70;  4.65  4.39  4.17  3.99  3.84  3.73  3.64  3.57  3.53  3.51  3.50  3.51  3.53  3.56  3.60  3.64  3.69  3.73  3.77  3.80  3.82  3.84  3.83  3.81  3.78  3.71
345; 45 46 47 48 49 50 51 52 53 54 55 56 57 58 59 60 61 62 63 64 65 66 67 68 69 70;  4.37  4.25  4.13  4.02  3.90  3.80  3.70  3.60  3.50  3.41  3.32  3.24  3.16  3.08  3.01  2.94  2.88  2.82  2.76  2.71  2.67  2.63  2.59  2.56  2.53  2.50
346; 45 46 47 48 49 50 51 52 53 54 55 56 57 58 59 60 61 62 63 64 65 66 67 68 69 70;  4.05  3.91  3.78  3.66  3.54  3.44  3.34  3.25  3.17  3.10  3.03  2.97  2.92  2.87  2.84  2.80  2.78  2.76  2.74  2.73  2.73  2.73  2.73  2.74  2.75  2.77
347; 45 46 47 48 49 50 51 52 53 54 55 56 57 58 59 60 61 62 63 64 65 66 67 68 69 70;  3.71  3.62  3.55  3.49  3.44  3.40  3.36  3.33  3.31  3.28  3.26  3.24  3.22  3.19  3.16  3.12  3.08  3.03  2.97  2.90  2.82  2.73  2.62  2.49  2.35  2.18
348; 45 46 47 48 49 50 51 52 53 54 55 56 57 58 59 60 61 62 63 64 65 66 67 68 69 70;  4.58  4.37  4.16  3.97  3.80  3.65  3.54  3.47  3.45  3.49  3.59  3.76  4.00  4.33  4.72  5.15  5.61  6.07  6.51  6.93  7.28  7.56  7.75  7.82  7.75  7.53
349; 45 46 47 48 49 50 51 52 53 54 55 56 57 58 59 60 61 62 63 64 65 66 67 68 69 70;  4.15  4.30  4.39  4.42  4.41  4.37  4.29  4.20  4.09  3.98  3.88  3.79  3.73  3.70  3.71  3.76  3.88  4.06  4.31  4.65  5.09  5.62  6.26  7.02  7.91  8.93
350; 45 46 47 48 49 50 51 52 53 54 55 56 57 58 59 60 61 62 63 64 65 66 67 68 69 70;  5.13  4.91  4.72  4.56  4.42  4.31  4.22  4.14  4.08  4.03  3.99  3.96  3.93  3.89  3.86  3.81  3.76  3.70  3.62  3.53  3.41  3.27  3.11  2.91  2.69  2.42
351; 45 46 47 48 49 50 51 52 53 54 55 56 57 58 59 60 61 62 63 64 65 66 67 68 69 70;  4.80  4.78  4.75  4.70  4.63  4.55  4.46  4.36  4.26  4.14  4.02  3.90  3.78  3.67  3.55  3.44  3.34  3.25  3.17  3.10  3.04  3.01  2.99  2.99  3.01  3.06
352; 45 46 47 48 49 50 51 52 53 54 55 56 57 58 59 60 61 62 63 64 65 66 67 68 69 70;  4.29  4.34  4.38  4.40  4.41  4.41  4.40  4.39  4.37  4.36  4.34  4.32  4.30  4.28  4.28  4.27  4.28  4.30  4.33  4.37  4.43  4.50  4.60  4.71  4.85  5.00
353; 45 46 47 48 49 50 51 52 53 54 55 56 57 58 59 60 61 62 63 64 65 66 67 68 69 70;  3.25  3.23  3.22  3.21  3.21  3.21  3.22  3.22  3.22  3.21  3.19  3.17  3.13  3.09  3.03  2.97  2.92  2.88  2.85  2.84  2.87  2.92  3.02  3.16  3.35  3.60
354; 45 46 47 48 49 50 51 52 53 54 55 56 57 58 59 60 61 62 63 64 65 66 67 68 69 70;  3.62  3.73  3.81  3.84  3.85  3.83  3.79  3.74  3.66  3.58  3.49  3.39  3.30  3.21  3.13  3.06  3.00  2.97  2.96  2.98  3.03  3.11  3.24  3.40  3.62  3.88
355; 45 46 47 48 49 50 51 52 53 54 55 56 57 58 59 60 61 62 63 64 65 66 67 68 69 70;  4.41  4.13  3.88  3.67  3.50  3.36  3.25  3.16  3.10  3.07  3.05  3.04  3.06  3.08  3.11  3.15  3.20  3.24  3.29  3.33  3.36  3.39  3.40  3.40  3.38  3.35
356; 45 46 47 48 49 50 51 52 53 54 55 56 57 58 59 60 61 62 63 64 65 66 67 68 69 70;  4.80  4.58  4.36  4.17  3.99  3.82  3.67  3.53  3.40  3.28  3.17  3.06  2.97  2.88  2.79  2.71  2.62  2.54  2.47  2.38  2.30  2.22  2.13  2.03  1.93  1.82
357; 45 46 47 48 49 50 51 52 53 54 55 56 57 58 59 60 61 62 63 64 65 66 67 68 69 70;  4.54  4.52  4.48  4.42  4.35  4.27  4.17  4.07  3.96  3.84  3.72  3.59  3.46  3.33  3.21  3.08  2.96  2.84  2.74  2.64  2.55  2.47  2.41  2.36  2.33  2.32
358; 45 46 47 48 49 50 51 52 53 54 55 56 57 58 59 60 61 62 63 64 65 66 67 68 69 70;  4.87  4.71  4.56  4.42  4.27  4.13  3.99  3.85  3.72  3.58  3.45  3.33  3.20  3.08  2.96  2.84  2.72  2.60  2.49  2.38  2.27  2.16  2.06  1.95  1.85  1.75
359; 45 46 47 48 49 50 51 52 53 54 55 56 57 58 59 60 61 62 63 64 65 66 67 68 69 70;  3.11  3.74  4.02  4.05  3.91  3.70  3.51  3.43  3.51  3.70  3.90  4.01  3.95  3.60  2.99  2.58  2.94  4.42  6.49  8.31  8.94  8.54  7.54  6.51  6.53  8.83
360; 45 46 47 48 49 50 51 52 53 54 55 56 57 58 59 60 61 62 63 64 65 66 67 68 69 70;  5.38  4.96  4.59  4.27  3.99  3.75  3.55  3.38  3.25  3.15  3.08  3.04  3.02  3.02  3.04  3.08  3.13  3.20  3.27  3.36  3.44  3.53  3.62  3.71  3.80  3.87
361; 45 46 47 48 49 50 51 52 53 54 55 56 57 58 59 60 61 62 63 64 65 66 67 68 69 70;  4.86  4.71  4.55  4.39  4.21  4.04  3.86  3.68  3.51  3.34  3.18  3.03  2.89  2.76  2.66  2.57  2.50  2.46  2.44  2.45  2.49  2.56  2.67  2.82  3.00  3.23
362; 45 46 47 48 49 50 51 52 53 54 55 56 57 58 59 60 61 62 63 64 65 66 67 68 69 70;  3.89  4.16  4.32  4.40  4.39  4.31  4.18  4.00  3.78  3.54  3.29  3.04  2.80  2.57  2.39  2.24  2.15  2.13  2.19  2.34  2.59  2.95  3.43  4.05  4.82  5.74
363; 45 46 47 48 49 50 51 52 53 54 55 56 57 58 59 60 61 62 63 64 65 66 67 68 69 70;  5.26  5.27  5.23  5.14  5.01  4.85  4.66  4.45  4.22  3.99  3.75  3.51  3.29  3.08  2.89  2.72  2.60  2.50  2.46  2.47  2.53  2.66  2.85  3.12  3.48  3.92
364; 45 46 47 48 49 50 51 52 53 54 55 56 57 58 59 60 61 62 63 64 65 66 67 68 69 70;  5.66  5.51  5.34  5.17  4.99  4.80  4.62  4.43  4.25  4.07  3.91  3.75  3.62  3.50  3.40  3.32  3.27  3.24  3.25  3.30  3.38  3.50  3.66  3.86  4.12  4.42
365; 45 46 47 48 49 50 51 52 53 54 55 56 57 58 59 60 61 62 63 64 65 66 67 68 69 70;  4.93  4.72  4.50  4.26  4.01  3.75  3.50  3.25  3.01  2.79  2.58  2.40  2.24  2.12  2.03  1.98  1.98  2.03  2.13  2.29  2.52  2.81  3.18  3.62  4.14  4.75
